iteration,max_fitness,time,test_accuracy
0,0.31538647,0.0,0.32273322
1,0.31538647,0.441364049911499,[0.32273322]
2,0.31538647,0.44072747230529785,[0.32273322]
3,0.31538647,0.4394409656524658,[0.32273322]
4,0.31538647,0.4410667419433594,[0.32273322]
5,0.31538647,0.4402732849121094,[0.32273322]
6,0.31538647,0.4381601810455322,[0.32273322]
7,0.31538647,0.4402499198913574,[0.32273322]
8,0.31538647,0.43957972526550293,[0.32273322]
9,0.41008782,0.43949341773986816,[0.41937608]
10,0.41008782,0.4364314079284668,[0.41937608]
11,0.41008782,0.4407494068145752,[0.41937608]
12,0.41008782,0.43830132484436035,[0.41937608]
13,0.41008782,0.4389328956604004,[0.41937608]
14,0.41008782,0.4421231746673584,[0.41937608]
15,0.47870928,0.44003987312316895,[0.4876535]
16,0.47870928,0.4443686008453369,[0.4876535]
17,0.47870928,0.44019460678100586,[0.4876535]
18,0.47870928,0.44057345390319824,[0.4876535]
19,0.47870928,0.4402649402618408,[0.4876535]
20,0.47870928,0.440662145614624,[0.4876535]
21,0.47870928,0.4386303424835205,[0.4876535]
22,0.47870928,0.43770742416381836,[0.4876535]
23,0.47870928,0.43680810928344727,[0.4876535]
24,0.47870928,0.4386100769042969,[0.4876535]
25,0.47870928,0.4384114742279053,[0.4876535]
26,0.47870928,0.44135093688964844,[0.4876535]
27,0.47870928,0.4394681453704834,[0.4876535]
28,0.47870928,0.4391467571258545,[0.4876535]
29,0.47870928,0.4385530948638916,[0.4876535]
30,0.47870928,0.43497204780578613,[0.4876535]
31,0.47870928,0.4369986057281494,[0.4876535]
32,0.47870928,0.4386148452758789,[0.4876535]
33,0.47870928,0.4362986087799072,[0.4876535]
34,0.47870928,0.4375615119934082,[0.4876535]
35,0.47870928,0.4400768280029297,[0.4876535]
36,0.47870928,0.4373459815979004,[0.4876535]
37,0.47870928,0.44029998779296875,[0.4876535]
38,0.47870928,0.43758177757263184,[0.4876535]
39,0.47870928,0.44031405448913574,[0.4876535]
40,0.47870928,0.4401822090148926,[0.4876535]
41,0.47870928,0.4364311695098877,[0.4876535]
42,0.47870928,0.43603014945983887,[0.4876535]
43,0.47870928,0.43566083908081055,[0.4876535]
44,0.47870928,0.43480634689331055,[0.4876535]
45,0.47870928,0.43541884422302246,[0.4876535]
46,0.47870928,0.43581485748291016,[0.4876535]
47,0.47870928,0.4359884262084961,[0.4876535]
48,0.47870928,0.4389612674713135,[0.4876535]
49,0.47870928,0.4404282569885254,[0.4876535]
50,0.47870928,0.44000792503356934,[0.4876535]
51,0.47870928,0.44057488441467285,[0.4876535]
52,0.47870928,0.4412882328033447,[0.4876535]
53,0.47870928,0.4386255741119385,[0.4876535]
54,0.47870928,0.4422719478607178,[0.4876535]
55,0.47870928,0.44082188606262207,[0.4876535]
56,0.47870928,0.44010257720947266,[0.4876535]
57,0.47870928,0.4398305416107178,[0.4876535]
58,0.47870928,0.4403555393218994,[0.4876535]
59,0.47870928,0.43845343589782715,[0.4876535]
60,0.47870928,0.44110655784606934,[0.4876535]
61,0.47870928,0.44496750831604004,[0.4876535]
62,0.47870928,0.4399096965789795,[0.4876535]
63,0.47870928,0.43628907203674316,[0.4876535]
64,0.47870928,0.4374251365661621,[0.4876535]
65,0.47870928,2.456892728805542,[0.4876535]
66,0.47870928,0.43491673469543457,[0.4876535]
67,0.47870928,0.4370548725128174,[0.4876535]
68,0.47870928,0.44019484519958496,[0.4876535]
69,0.47870928,0.4393126964569092,[0.4876535]
70,0.47870928,0.43981385231018066,[0.4876535]
71,0.61267096,0.4415261745452881,[0.5774512]
72,0.61267096,0.44002676010131836,[0.5774512]
73,0.873705,0.43543028831481934,[0.76864594]
74,0.873705,0.4340553283691406,[0.76864594]
75,0.91604006,0.4322540760040283,[0.4296289]
76,0.91604006,0.43555712699890137,[0.4296289]
77,0.91604006,0.4360959529876709,[0.4296289]
78,0.91604006,0.43749308586120605,[0.4296289]
79,0.91604006,0.43765926361083984,[0.4296289]
80,0.91604006,0.43352746963500977,[0.4296289]
81,0.91604006,0.43644261360168457,[0.4296289]
82,0.91604006,0.43770718574523926,[0.4296289]
83,0.91604006,0.43939995765686035,[0.4296289]
84,0.91604006,0.4391138553619385,[0.4296289]
85,0.91604006,0.4409518241882324,[0.4296289]
86,0.91604006,0.4385404586791992,[0.4296289]
87,0.91604006,0.43819761276245117,[0.4296289]
88,0.91604006,0.4343845844268799,[0.4296289]
89,0.91604006,0.4345977306365967,[0.4296289]
90,0.92803156,0.4360058307647705,[0.09400243]
91,0.92803156,0.43545007705688477,[0.09400243]
92,0.92803156,0.43648719787597656,[0.09400243]
93,0.92803156,0.43548107147216797,[0.09400243]
94,0.9340898,0.4387359619140625,[-0.07028913]
95,0.9340898,0.4381904602050781,[-0.07028913]
96,0.9340898,0.43743205070495605,[-0.07028913]
97,0.9340898,0.4391801357269287,[-0.07028913]
98,0.9340898,0.4393305778503418,[-0.07028913]
99,0.9340898,0.43763279914855957,[-0.07028913]
100,0.9340898,0.44141340255737305,[-0.07028913]
101,0.9340898,0.43683528900146484,[-0.07028913]
102,0.9340898,0.44559192657470703,[-0.07028913]
103,0.9340898,0.438295841217041,[-0.07028913]
104,0.9340898,0.4363837242126465,[-0.07028913]
105,0.9340898,0.43399810791015625,[-0.07028913]
106,0.9340898,0.4359133243560791,[-0.07028913]
107,0.9340898,0.4335610866546631,[-0.07028913]
108,0.9340898,0.4358556270599365,[-0.07028913]
109,0.9340898,0.4332389831542969,[-0.07028913]
110,0.9340898,0.43595004081726074,[-0.07028913]
111,0.9340898,0.43319129943847656,[-0.07028913]
112,0.9340898,0.43634653091430664,[-0.07028913]
113,0.9340898,0.4345886707305908,[-0.07028913]
114,0.9340898,0.4345417022705078,[-0.07028913]
115,0.9340898,0.4343390464782715,[-0.07028913]
116,0.9340898,0.4356422424316406,[-0.07028913]
117,0.9340898,0.43808412551879883,[-0.07028913]
118,0.9340898,0.4395883083343506,[-0.07028913]
119,0.9340898,0.44060635566711426,[-0.07028913]
120,0.9340898,0.4373490810394287,[-0.07028913]
121,0.9340898,0.4383974075317383,[-0.07028913]
122,0.9340898,0.43606090545654297,[-0.07028913]
123,0.9340898,0.43709611892700195,[-0.07028913]
124,0.9340898,0.43665289878845215,[-0.07028913]
125,0.9340898,0.4372842311859131,[-0.07028913]
126,0.9340898,0.4404308795928955,[-0.07028913]
127,0.9340898,0.4372854232788086,[-0.07028913]
128,0.9340898,0.4368412494659424,[-0.07028913]
129,0.9340898,0.4366018772125244,[-0.07028913]
130,0.9340898,0.4386003017425537,[-0.07028913]
131,0.9340898,0.4360513687133789,[-0.07028913]
132,0.9340898,0.43907856941223145,[-0.07028913]
133,0.9340898,0.4364941120147705,[-0.07028913]
134,0.9340898,0.4367847442626953,[-0.07028913]
135,0.9340898,0.4381725788116455,[-0.07028913]
136,0.9340898,0.4391136169433594,[-0.07028913]
137,0.9340898,0.43420958518981934,[-0.07028913]
138,0.9340898,0.43754029273986816,[-0.07028913]
139,0.9340898,0.4386308193206787,[-0.07028913]
140,0.9340898,0.4349386692047119,[-0.07028913]
141,0.9340898,0.435274600982666,[-0.07028913]
142,0.9340898,0.4382474422454834,[-0.07028913]
143,0.9348691,0.43844127655029297,[0.04366899]
144,0.9348691,0.4336562156677246,[0.04366899]
145,0.9348691,0.4382927417755127,[0.04366899]
146,0.9348691,0.4390449523925781,[0.04366899]
147,0.9348691,0.4394412040710449,[0.04366899]
148,0.9348691,0.4416191577911377,[0.04366899]
149,0.9348691,0.43762922286987305,[0.04366899]
150,0.9348691,0.4357585906982422,[0.04366899]
151,0.9348691,0.43581461906433105,[0.04366899]
152,0.9348691,0.4400370121002197,[0.04366899]
153,0.9348691,0.43408918380737305,[0.04366899]
154,0.9348691,0.4340627193450928,[0.04366899]
155,0.9348691,0.4353775978088379,[0.04366899]
156,0.9348691,0.43298816680908203,[0.04366899]
157,0.9348691,2.47884464263916,[0.04366899]
158,0.9348691,0.43486499786376953,[0.04366899]
159,0.9348691,0.4354829788208008,[0.04366899]
160,0.9348691,0.4394989013671875,[0.04366899]
161,0.9348691,0.433307409286499,[0.04366899]
162,0.9348691,0.4377913475036621,[0.04366899]
163,0.9348691,0.4348337650299072,[0.04366899]
164,0.9348691,0.43628430366516113,[0.04366899]
165,0.9348691,0.4369852542877197,[0.04366899]
166,0.9348691,0.4358370304107666,[0.04366899]
167,0.9348691,0.43762850761413574,[0.04366899]
168,0.9348691,0.4335591793060303,[0.04366899]
169,0.9348691,0.43386411666870117,[0.04366899]
170,0.9348691,0.4356343746185303,[0.04366899]
171,0.9348691,0.43479347229003906,[0.04366899]
172,0.9348691,0.43607640266418457,[0.04366899]
173,0.9348691,0.43520045280456543,[0.04366899]
174,0.9348691,0.43364763259887695,[0.04366899]
175,0.9348691,0.4362635612487793,[0.04366899]
176,0.9348691,0.4351353645324707,[0.04366899]
177,0.9348691,0.4327855110168457,[0.04366899]
178,0.9348691,0.43555760383605957,[0.04366899]
179,0.9348691,0.4351670742034912,[0.04366899]
180,0.9348691,0.4349076747894287,[0.04366899]
181,0.9348691,0.4340779781341553,[0.04366899]
182,0.9348691,0.43639492988586426,[0.04366899]
183,0.9348691,0.4333641529083252,[0.04366899]
184,0.9348691,0.4346165657043457,[0.04366899]
185,0.9348691,0.43477511405944824,[0.04366899]
186,0.9348691,0.4349856376647949,[0.04366899]
187,0.9348691,0.4369380474090576,[0.04366899]
188,0.9348691,0.4365270137786865,[0.04366899]
189,0.9348691,0.4432981014251709,[0.04366899]
190,0.9348691,0.4348897933959961,[0.04366899]
191,0.9348691,0.4325840473175049,[0.04366899]
192,0.9348691,0.43337440490722656,[0.04366899]
193,0.9348691,0.4337952136993408,[0.04366899]
194,0.9348691,0.4339470863342285,[0.04366899]
195,0.9348691,0.43205809593200684,[0.04366899]
196,0.9348691,0.43370556831359863,[0.04366899]
197,0.9348691,0.43048691749572754,[0.04366899]
198,0.9374516,0.4325699806213379,[-0.10024261]
199,0.9374516,0.43438172340393066,[-0.10024261]
200,0.9374516,0.4336988925933838,[-0.10024261]
201,0.9374516,0.43549442291259766,[-0.10024261]
202,0.9374516,0.4348011016845703,[-0.10024261]
203,0.9374516,0.43555283546447754,[-0.10024261]
204,0.9374516,0.43506479263305664,[-0.10024261]
205,0.9374516,0.4316856861114502,[-0.10024261]
206,0.9374516,0.4352147579193115,[-0.10024261]
207,0.9374516,0.43189382553100586,[-0.10024261]
208,0.9374516,0.4355466365814209,[-0.10024261]
209,0.9374516,0.43416285514831543,[-0.10024261]
210,0.9374516,0.43051791191101074,[-0.10024261]
211,0.9374516,0.4337143898010254,[-0.10024261]
212,0.9374516,0.43337535858154297,[-0.10024261]
213,0.9374516,0.42961692810058594,[-0.10024261]
214,0.9374516,0.43051838874816895,[-0.10024261]
215,0.9374516,0.42938661575317383,[-0.10024261]
216,0.9374516,0.43440699577331543,[-0.10024261]
217,0.9374516,0.43450498580932617,[-0.10024261]
218,0.9374516,0.43740129470825195,[-0.10024261]
219,0.9374516,0.4340651035308838,[-0.10024261]
220,0.9374516,0.43551158905029297,[-0.10024261]
221,0.9374516,0.4356513023376465,[-0.10024261]
222,0.9374516,0.4333786964416504,[-0.10024261]
223,0.9374516,0.43369007110595703,[-0.10024261]
224,0.9374516,0.4373648166656494,[-0.10024261]
225,0.9374516,0.4309983253479004,[-0.10024261]
226,0.9374516,0.4345433712005615,[-0.10024261]
227,0.9374516,0.43491697311401367,[-0.10024261]
228,0.9374516,0.4341142177581787,[-0.10024261]
229,0.9374516,0.43169069290161133,[-0.10024261]
230,0.9374516,0.4328627586364746,[-0.10024261]
231,0.9374516,0.4361112117767334,[-0.10024261]
232,0.9374516,0.43585681915283203,[-0.10024261]
233,0.9374516,0.43585920333862305,[-0.10024261]
234,0.9374516,0.4473419189453125,[-0.10024261]
235,0.9374516,0.4326775074005127,[-0.10024261]
236,0.9374516,0.43437623977661133,[-0.10024261]
237,0.9374516,0.43661069869995117,[-0.10024261]
238,0.9374516,0.43762826919555664,[-0.10024261]
239,0.9374516,0.4411919116973877,[-0.10024261]
240,0.9389716,0.4367411136627197,[-0.15790915]
241,0.9389716,0.4402287006378174,[-0.15790915]
242,0.9389716,0.4348790645599365,[-0.15790915]
243,0.9418076,0.43627405166625977,[-0.21919656]
244,0.9418076,0.44035959243774414,[-0.21919656]
245,0.9418076,0.43370914459228516,[-0.21919656]
246,0.9418076,0.43596625328063965,[-0.21919656]
247,0.9418076,0.4366133213043213,[-0.21919656]
248,0.9418076,0.4338996410369873,[-0.21919656]
249,0.9418076,0.43238115310668945,[-0.21919656]
250,0.9418076,2.561744213104248,[-0.21919656]
251,0.9418076,0.43567991256713867,[-0.21919656]
252,0.9418076,0.4378981590270996,[-0.21919656]
253,0.9418076,0.43531298637390137,[-0.21919656]
254,0.9418076,0.432178258895874,[-0.21919656]
255,0.9418076,0.43691086769104004,[-0.21919656]
256,0.9418076,0.4381842613220215,[-0.21919656]
257,0.9418076,0.44278955459594727,[-0.21919656]
258,0.9418076,0.43886232376098633,[-0.21919656]
259,0.9418076,0.4336814880371094,[-0.21919656]
260,0.9418076,0.43590283393859863,[-0.21919656]
261,0.9418076,0.43550610542297363,[-0.21919656]
262,0.9418076,0.43550896644592285,[-0.21919656]
263,0.9418076,0.4355278015136719,[-0.21919656]
264,0.9418076,0.4423363208770752,[-0.21919656]
265,0.9418076,0.4371068477630615,[-0.21919656]
266,0.9418076,0.4406318664550781,[-0.21919656]
267,0.9418076,0.438906192779541,[-0.21919656]
268,0.9418076,0.43884873390197754,[-0.21919656]
269,0.9418076,0.436420202255249,[-0.21919656]
270,0.9418076,0.43477463722229004,[-0.21919656]
271,0.9418076,0.4364359378814697,[-0.21919656]
272,0.9418076,0.44863200187683105,[-0.21919656]
273,0.9418076,0.43981170654296875,[-0.21919656]
274,0.9418076,0.4374692440032959,[-0.21919656]
275,0.9418076,0.4410727024078369,[-0.21919656]
276,0.9418076,0.4383876323699951,[-0.21919656]
277,0.9418076,0.44031262397766113,[-0.21919656]
278,0.9418076,0.44028162956237793,[-0.21919656]
279,0.9418076,0.4438211917877197,[-0.21919656]
280,0.9418076,0.44105958938598633,[-0.21919656]
281,0.9418076,0.4395453929901123,[-0.21919656]
282,0.9418076,0.4402163028717041,[-0.21919656]
283,0.9418076,0.44156646728515625,[-0.21919656]
284,0.9418076,0.44257092475891113,[-0.21919656]
285,0.9418076,0.4427783489227295,[-0.21919656]
286,0.9418076,0.445559024810791,[-0.21919656]
287,0.9418076,0.44207119941711426,[-0.21919656]
288,0.9418076,0.4430809020996094,[-0.21919656]
289,0.9418076,0.44246888160705566,[-0.21919656]
290,0.9418076,0.4418320655822754,[-0.21919656]
291,0.9418076,0.4390122890472412,[-0.21919656]
292,0.9418076,0.44357967376708984,[-0.21919656]
293,0.9418076,0.44188547134399414,[-0.21919656]
294,0.9418076,0.4512598514556885,[-0.21919656]
295,0.9418076,0.44309377670288086,[-0.21919656]
296,0.9418076,0.43933892250061035,[-0.21919656]
297,0.9418076,0.43728184700012207,[-0.21919656]
298,0.9418076,0.43746089935302734,[-0.21919656]
299,0.9418076,0.4445362091064453,[-0.21919656]
300,0.9418076,0.43842148780822754,[-0.21919656]
301,0.9418076,0.443347692489624,[-0.21919656]
302,0.9418076,0.43952155113220215,[-0.21919656]
303,0.9418076,0.4412519931793213,[-0.21919656]
304,0.9418076,0.4431169033050537,[-0.21919656]
305,0.9418076,0.44195032119750977,[-0.21919656]
306,0.9418076,0.44188761711120605,[-0.21919656]
307,0.9418076,0.43765807151794434,[-0.21919656]
308,0.9418076,0.43413782119750977,[-0.21919656]
309,0.9418076,0.44243550300598145,[-0.21919656]
310,0.9418076,0.44083619117736816,[-0.21919656]
311,0.9418076,0.440108060836792,[-0.21919656]
312,0.9418076,0.44200778007507324,[-0.21919656]
313,0.9418076,0.4422144889831543,[-0.21919656]
314,0.9418076,0.44409894943237305,[-0.21919656]
315,0.9418076,0.44118571281433105,[-0.21919656]
316,0.9418076,0.453279972076416,[-0.21919656]
317,0.9418076,0.44113659858703613,[-0.21919656]
318,0.9418076,0.4406130313873291,[-0.21919656]
319,0.9418076,0.4453418254852295,[-0.21919656]
320,0.9418076,0.44582295417785645,[-0.21919656]
321,0.9418076,0.44627857208251953,[-0.21919656]
322,0.9418076,0.4454522132873535,[-0.21919656]
323,0.9418076,0.45059800148010254,[-0.21919656]
324,0.9418076,0.45581889152526855,[-0.21919656]
325,0.9418076,0.4462893009185791,[-0.21919656]
326,0.9418076,0.44475626945495605,[-0.21919656]
327,0.9418076,0.44675326347351074,[-0.21919656]
328,0.9418076,0.4436361789703369,[-0.21919656]
329,0.9418076,0.4432833194732666,[-0.21919656]
330,0.9418076,0.4433135986328125,[-0.21919656]
331,0.9418076,0.4433751106262207,[-0.21919656]
332,0.9418076,0.4422914981842041,[-0.21919656]
333,0.9418076,0.44373512268066406,[-0.21919656]
334,0.9418076,0.4440650939941406,[-0.21919656]
335,0.9418076,0.444352388381958,[-0.21919656]
336,0.9418076,0.4410872459411621,[-0.21919656]
337,0.9418076,0.44387173652648926,[-0.21919656]
338,0.9418076,0.45536375045776367,[-0.21919656]
339,0.9418076,0.44307971000671387,[-0.21919656]
340,0.9418076,0.4468193054199219,[-0.21919656]
341,0.9418076,0.44764256477355957,[-0.21919656]
342,0.9418076,2.6223227977752686,[-0.21919656]
343,0.9418076,0.4422132968902588,[-0.21919656]
344,0.9418076,0.43843626976013184,[-0.21919656]
345,0.9418076,0.44503116607666016,[-0.21919656]
346,0.9418076,0.4394717216491699,[-0.21919656]
347,0.9418076,0.4420340061187744,[-0.21919656]
348,0.9418076,0.4441699981689453,[-0.21919656]
349,0.9418076,0.4440577030181885,[-0.21919656]
350,0.9418076,0.44074463844299316,[-0.21919656]
351,0.9418076,0.4418635368347168,[-0.21919656]
352,0.9418076,0.44243478775024414,[-0.21919656]
353,0.9418076,0.44113755226135254,[-0.21919656]
354,0.9418076,0.44087767601013184,[-0.21919656]
355,0.9422481,0.4434802532196045,[-0.2007289]
356,0.9422481,0.44029808044433594,[-0.2007289]
357,0.9422481,0.44020771980285645,[-0.2007289]
358,0.9422481,0.4391965866088867,[-0.2007289]
359,0.9422481,0.440936803817749,[-0.2007289]
360,0.9422481,0.44007086753845215,[-0.2007289]
361,0.9422481,0.43808698654174805,[-0.2007289]
362,0.9422481,0.43979716300964355,[-0.2007289]
363,0.9422481,0.4457857608795166,[-0.2007289]
364,0.9422481,0.44011878967285156,[-0.2007289]
365,0.9422481,0.44110822677612305,[-0.2007289]
366,0.9422481,0.4398772716522217,[-0.2007289]
367,0.9422481,0.4375643730163574,[-0.2007289]
368,0.9422481,0.44126200675964355,[-0.2007289]
369,0.9422481,0.44325995445251465,[-0.2007289]
370,0.9422481,0.44752001762390137,[-0.2007289]
371,0.9422481,0.4419710636138916,[-0.2007289]
372,0.9422481,0.44242024421691895,[-0.2007289]
373,0.9422481,0.44418835639953613,[-0.2007289]
374,0.9422481,0.44156765937805176,[-0.2007289]
375,0.9422481,0.44371962547302246,[-0.2007289]
376,0.9422481,0.444058895111084,[-0.2007289]
377,0.9422481,0.4440114498138428,[-0.2007289]
378,0.9422481,0.44328975677490234,[-0.2007289]
379,0.9422481,0.44254040718078613,[-0.2007289]
380,0.9422481,0.4406111240386963,[-0.2007289]
381,0.9422481,0.44176769256591797,[-0.2007289]
382,0.9422481,0.44568300247192383,[-0.2007289]
383,0.9422481,0.4452049732208252,[-0.2007289]
384,0.9422481,0.4428291320800781,[-0.2007289]
385,0.9422481,0.45009851455688477,[-0.2007289]
386,0.9422481,0.4431300163269043,[-0.2007289]
387,0.9422481,0.43981003761291504,[-0.2007289]
388,0.9422481,0.4428374767303467,[-0.2007289]
389,0.9422481,0.44385695457458496,[-0.2007289]
390,0.9422481,0.443784236907959,[-0.2007289]
391,0.9422481,0.43961071968078613,[-0.2007289]
392,0.9422481,0.4461679458618164,[-0.2007289]
393,0.9422481,0.4442751407623291,[-0.2007289]
394,0.9422481,0.4425628185272217,[-0.2007289]
395,0.9422481,0.4437105655670166,[-0.2007289]
396,0.9422481,0.4423058032989502,[-0.2007289]
397,0.9422481,0.445603609085083,[-0.2007289]
398,0.9422481,0.44071149826049805,[-0.2007289]
399,0.9422481,0.44937705993652344,[-0.2007289]
400,0.9422481,0.4451932907104492,[-0.2007289]
401,0.9422481,0.44016051292419434,[-0.2007289]
402,0.9432623,0.4401087760925293,[-0.37684155]
403,0.9432623,0.4434776306152344,[-0.37684155]
404,0.9432623,0.4427008628845215,[-0.37684155]
405,0.9432623,0.4436972141265869,[-0.37684155]
406,0.9432623,0.443448543548584,[-0.37684155]
407,0.9432623,0.4498107433319092,[-0.37684155]
408,0.9432623,0.4409170150756836,[-0.37684155]
409,0.9432623,0.44197750091552734,[-0.37684155]
410,0.9432623,0.4438817501068115,[-0.37684155]
411,0.9432623,0.4412710666656494,[-0.37684155]
412,0.9432623,0.44350481033325195,[-0.37684155]
413,0.9432623,0.4447481632232666,[-0.37684155]
414,0.9432623,0.44502854347229004,[-0.37684155]
415,0.9432623,0.43932056427001953,[-0.37684155]
416,0.9432623,0.4429190158843994,[-0.37684155]
417,0.9432623,0.4415733814239502,[-0.37684155]
418,0.9432623,0.4382960796356201,[-0.37684155]
419,0.9432623,0.44308996200561523,[-0.37684155]
420,0.9432623,0.4439582824707031,[-0.37684155]
421,0.9432623,0.4470829963684082,[-0.37684155]
422,0.9432623,0.4437215328216553,[-0.37684155]
423,0.9432623,0.44391942024230957,[-0.37684155]
424,0.9432623,0.4447915554046631,[-0.37684155]
425,0.9432623,0.44110941886901855,[-0.37684155]
426,0.9432623,0.4438633918762207,[-0.37684155]
427,0.9432623,0.4448716640472412,[-0.37684155]
428,0.9432623,0.4414222240447998,[-0.37684155]
429,0.9432623,0.4529073238372803,[-0.37684155]
430,0.9432623,0.44249582290649414,[-0.37684155]
431,0.9432623,0.4399375915527344,[-0.37684155]
432,0.9432623,0.44005799293518066,[-0.37684155]
433,0.9432623,0.4433479309082031,[-0.37684155]
434,0.9432623,0.4414033889770508,[-0.37684155]
435,0.9432623,0.44114160537719727,[-0.37684155]
436,0.9432623,2.6932766437530518,[-0.37684155]
437,0.9432623,0.4418022632598877,[-0.37684155]
438,0.9432623,0.44442296028137207,[-0.37684155]
439,0.9432623,0.44512057304382324,[-0.37684155]
440,0.9432623,0.4418525695800781,[-0.37684155]
441,0.9432623,0.44632768630981445,[-0.37684155]
442,0.9432623,0.44451379776000977,[-0.37684155]
443,0.9432623,0.44307494163513184,[-0.37684155]
444,0.9432623,0.446713924407959,[-0.37684155]
445,0.9432623,0.44123315811157227,[-0.37684155]
446,0.9432623,0.4441189765930176,[-0.37684155]
447,0.9432623,0.44431328773498535,[-0.37684155]
448,0.9432623,0.4435749053955078,[-0.37684155]
449,0.9432623,0.44047021865844727,[-0.37684155]
450,0.9432623,0.44408297538757324,[-0.37684155]
451,0.9432623,0.43926310539245605,[-0.37684155]
452,0.9432623,0.43958020210266113,[-0.37684155]
453,0.9432623,0.4429945945739746,[-0.37684155]
454,0.9432623,0.4448246955871582,[-0.37684155]
455,0.9432623,0.4439108371734619,[-0.37684155]
456,0.9432623,0.4415926933288574,[-0.37684155]
457,0.9432623,0.443789005279541,[-0.37684155]
458,0.9432623,0.4404144287109375,[-0.37684155]
459,0.9432623,0.43853068351745605,[-0.37684155]
460,0.94426763,0.4401874542236328,[-0.45001876]
461,0.94426763,0.4360165596008301,[-0.45001876]
462,0.94426763,0.4397163391113281,[-0.45001876]
463,0.94426763,0.43948888778686523,[-0.45001876]
464,0.94426763,0.4396986961364746,[-0.45001876]
465,0.94426763,0.4402000904083252,[-0.45001876]
466,0.94426763,0.43916988372802734,[-0.45001876]
467,0.94426763,0.4372730255126953,[-0.45001876]
468,0.94426763,0.4369840621948242,[-0.45001876]
469,0.94426763,0.43812036514282227,[-0.45001876]
470,0.94426763,0.4393630027770996,[-0.45001876]
471,0.94426763,0.4380648136138916,[-0.45001876]
472,0.94426763,0.4409503936767578,[-0.45001876]
473,0.94426763,0.4412069320678711,[-0.45001876]
474,0.94426763,0.437274694442749,[-0.45001876]
475,0.94426763,0.442002534866333,[-0.45001876]
476,0.94426763,0.43875551223754883,[-0.45001876]
477,0.94426763,0.4387645721435547,[-0.45001876]
478,0.94426763,0.43695807456970215,[-0.45001876]
479,0.94426763,0.441082239151001,[-0.45001876]
480,0.94426763,0.44230127334594727,[-0.45001876]
481,0.94426763,0.4418673515319824,[-0.45001876]
482,0.94426763,0.44121646881103516,[-0.45001876]
483,0.94426763,0.442091703414917,[-0.45001876]
484,0.94426763,0.4429330825805664,[-0.45001876]
485,0.94426763,0.44755005836486816,[-0.45001876]
486,0.94426763,0.4434220790863037,[-0.45001876]
487,0.94426763,0.4411654472351074,[-0.45001876]
488,0.94426763,0.43970370292663574,[-0.45001876]
489,0.94426763,0.4431159496307373,[-0.45001876]
490,0.94426763,0.439622163772583,[-0.45001876]
491,0.94426763,0.44184327125549316,[-0.45001876]
492,0.94426763,0.4394078254699707,[-0.45001876]
493,0.94426763,0.44146084785461426,[-0.45001876]
494,0.94426763,0.440889835357666,[-0.45001876]
495,0.94426763,0.4392092227935791,[-0.45001876]
496,0.94426763,0.4371681213378906,[-0.45001876]
497,0.94426763,0.4383261203765869,[-0.45001876]
498,0.94426763,0.44102954864501953,[-0.45001876]
499,0.94426763,0.43991708755493164,[-0.45001876]
500,0.94426763,0.4410734176635742,[-0.45001876]
501,0.94426763,0.4433934688568115,[-0.45001876]
502,0.94426763,0.43901491165161133,[-0.45001876]
503,0.94426763,0.44091296195983887,[-0.45001876]
504,0.94426763,0.44250035285949707,[-0.45001876]
505,0.94426763,0.4404735565185547,[-0.45001876]
506,0.94426763,0.4396638870239258,[-0.45001876]
507,0.94426763,0.4427371025085449,[-0.45001876]
508,0.94426763,0.4399847984313965,[-0.45001876]
509,0.94426763,0.440629243850708,[-0.45001876]
510,0.94426763,0.44417428970336914,[-0.45001876]
511,0.94426763,0.4419734477996826,[-0.45001876]
512,0.94426763,0.43988847732543945,[-0.45001876]
513,0.94426763,0.44162631034851074,[-0.45001876]
514,0.94426763,0.44312596321105957,[-0.45001876]
515,0.94426763,0.4396991729736328,[-0.45001876]
516,0.94426763,0.4397892951965332,[-0.45001876]
517,0.94426763,0.4403824806213379,[-0.45001876]
518,0.94426763,0.43847084045410156,[-0.45001876]
519,0.94426763,0.4396836757659912,[-0.45001876]
520,0.94426763,0.4422426223754883,[-0.45001876]
521,0.94426763,0.44150471687316895,[-0.45001876]
522,0.94426763,0.4395942687988281,[-0.45001876]
523,0.94426763,0.44356393814086914,[-0.45001876]
524,0.94426763,0.44126176834106445,[-0.45001876]
525,0.94426763,0.44417858123779297,[-0.45001876]
526,0.94426763,0.4425506591796875,[-0.45001876]
527,0.94426763,0.44297313690185547,[-0.45001876]
528,0.94426763,2.542971611022949,[-0.45001876]
529,0.94426763,0.4463841915130615,[-0.45001876]
530,0.94426763,0.44618654251098633,[-0.45001876]
531,0.94426763,0.4435453414916992,[-0.45001876]
532,0.94426763,0.4370584487915039,[-0.45001876]
533,0.94426763,0.4409635066986084,[-0.45001876]
534,0.94426763,0.44330549240112305,[-0.45001876]
535,0.94426763,0.4414198398590088,[-0.45001876]
536,0.94426763,0.45862483978271484,[-0.45001876]
537,0.94426763,0.4445679187774658,[-0.45001876]
538,0.94426763,0.44106602668762207,[-0.45001876]
539,0.94426763,0.4430537223815918,[-0.45001876]
540,0.94426763,0.44338059425354004,[-0.45001876]
541,0.94426763,0.4437236785888672,[-0.45001876]
542,0.94426763,0.44344592094421387,[-0.45001876]
543,0.94426763,0.44809889793395996,[-0.45001876]
544,0.94426763,0.4409949779510498,[-0.45001876]
545,0.94426763,0.4468393325805664,[-0.45001876]
546,0.94426763,0.44716620445251465,[-0.45001876]
547,0.94426763,0.44457221031188965,[-0.45001876]
548,0.94426763,0.44164299964904785,[-0.45001876]
549,0.94426763,0.4430115222930908,[-0.45001876]
550,0.94426763,0.4400327205657959,[-0.45001876]
551,0.95006114,0.44364356994628906,[-1.0517728]
552,0.95006114,0.44167423248291016,[-1.0517728]
553,0.95006114,0.44557619094848633,[-1.0517728]
554,0.95006114,0.44237589836120605,[-1.0517728]
555,0.95006114,0.4433786869049072,[-1.0517728]
556,0.95006114,0.4425046443939209,[-1.0517728]
557,0.950905,0.4395334720611572,[-1.0221839]
558,0.950905,0.44374608993530273,[-1.0221839]
559,0.950905,0.4441497325897217,[-1.0221839]
560,0.9554956,0.4415409564971924,[-0.07627773]
561,0.9554956,0.44504451751708984,[-0.07627773]
562,0.9554956,0.44637084007263184,[-0.07627773]
563,0.9554956,0.44279909133911133,[-0.07627773]
564,0.9554956,0.4437079429626465,[-0.07627773]
565,0.9554956,0.4461634159088135,[-0.07627773]
566,0.9554956,0.437514066696167,[-0.07627773]
567,0.9554956,0.4421234130859375,[-0.07627773]
568,0.9554956,0.43888425827026367,[-0.07627773]
569,0.9554956,0.438098669052124,[-0.07627773]
570,0.9554956,0.44260621070861816,[-0.07627773]
571,0.9554956,0.4411275386810303,[-0.07627773]
572,0.9554956,0.4430406093597412,[-0.07627773]
573,0.9554956,0.44351625442504883,[-0.07627773]
574,0.9708655,0.4436194896697998,[0.3643316]
575,0.9708655,0.4407687187194824,[0.3643316]
576,0.9708655,0.44095396995544434,[0.3643316]
577,0.9708655,0.4456171989440918,[0.3643316]
578,0.9708655,0.4401133060455322,[0.3643316]
579,0.98027533,0.44015073776245117,[0.29408234]
580,0.98027533,0.44432735443115234,[0.29408234]
581,0.98027533,0.4455230236053467,[0.29408234]
582,0.98027533,0.44449353218078613,[0.29408234]
583,0.98027533,0.4403049945831299,[0.29408234]
584,0.98027533,0.442579984664917,[0.29408234]
585,0.98027533,0.44114089012145996,[0.29408234]
586,0.98027533,0.4394338130950928,[0.29408234]
587,0.98027533,0.44666600227355957,[0.29408234]
588,0.98027533,0.4419677257537842,[0.29408234]
589,0.98027533,0.4399435520172119,[0.29408234]
590,0.98195654,0.4391481876373291,[0.31191063]
591,0.98195654,0.44399094581604004,[0.31191063]
592,0.98195654,0.4411032199859619,[0.31191063]
593,0.98195654,0.44437265396118164,[0.31191063]
594,0.98195654,0.4442436695098877,[0.31191063]
595,0.98195654,0.4519693851470947,[0.31191063]
596,0.98195654,0.43822455406188965,[0.31191063]
597,0.98195654,0.44255924224853516,[0.31191063]
598,0.98195654,0.44264769554138184,[0.31191063]
599,0.9831382,0.4411313533782959,[0.32225162]
600,0.98426056,0.4405632019042969,[0.26239234]
601,0.98426056,0.4455885887145996,[0.26239234]
602,0.98426056,0.44393038749694824,[0.26239234]
603,0.98426056,0.44356322288513184,[0.26239234]
604,0.98426056,0.44170475006103516,[0.26239234]
605,0.98426056,0.439983606338501,[0.26239234]
606,0.98426056,0.4402134418487549,[0.26239234]
607,0.98426056,0.44114208221435547,[0.26239234]
608,0.98426056,0.44340085983276367,[0.26239234]
609,0.98426056,0.44432973861694336,[0.26239234]
610,0.98426056,0.4438652992248535,[0.26239234]
611,0.98426056,0.44164133071899414,[0.26239234]
612,0.98426056,0.4465007781982422,[0.26239234]
613,0.98426056,0.44543981552124023,[0.26239234]
614,0.98426056,0.44763708114624023,[0.26239234]
615,0.98426056,0.44512128829956055,[0.26239234]
616,0.98426056,0.444988489151001,[0.26239234]
617,0.98426056,0.45093822479248047,[0.26239234]
618,0.98426056,0.4451725482940674,[0.26239234]
619,0.98426056,0.444899320602417,[0.26239234]
620,0.98426056,0.4432382583618164,[0.26239234]
621,0.98426056,2.656534194946289,[0.26239234]
622,0.98725015,0.4428119659423828,[0.4117747]
623,0.98725015,0.4417603015899658,[0.4117747]
624,0.98725015,0.44278764724731445,[0.4117747]
625,0.9876915,0.43869614601135254,[0.44195044]
626,0.9876915,0.4513742923736572,[0.44195044]
627,0.9876915,0.45368456840515137,[0.44195044]
628,0.9876915,0.44469285011291504,[0.44195044]
629,0.9876915,0.4466054439544678,[0.44195044]
630,0.9876915,0.44405031204223633,[0.44195044]
631,0.9876915,0.44233012199401855,[0.44195044]
632,0.9876915,0.44367408752441406,[0.44195044]
633,0.9876915,0.44628453254699707,[0.44195044]
634,0.9876915,0.45745110511779785,[0.44195044]
635,0.9876915,0.44602084159851074,[0.44195044]
636,0.9876915,0.44727396965026855,[0.44195044]
637,0.99260527,0.449021577835083,[0.5711421]
638,0.99260527,0.44850945472717285,[0.5711421]
639,0.99260527,0.44605541229248047,[0.5711421]
640,0.99260527,0.44709038734436035,[0.5711421]
641,0.99260527,0.4452190399169922,[0.5711421]
642,0.99260527,0.44394564628601074,[0.5711421]
643,0.99260527,0.4445657730102539,[0.5711421]
644,0.99275494,0.4416983127593994,[0.5566721]
645,0.99275494,0.4422488212585449,[0.5566721]
646,0.99275494,0.44647789001464844,[0.5566721]
647,0.99275494,0.4449589252471924,[0.5566721]
648,0.99275494,0.4413931369781494,[0.5566721]
649,0.99275494,0.4467146396636963,[0.5566721]
650,0.99275494,0.4432563781738281,[0.5566721]
651,0.99275494,0.44016170501708984,[0.5566721]
652,0.99275494,0.44597840309143066,[0.5566721]
653,0.99275494,0.44570469856262207,[0.5566721]
654,0.99275494,0.4465138912200928,[0.5566721]
655,0.99275494,0.4440596103668213,[0.5566721]
656,0.99275494,0.45740389823913574,[0.5566721]
657,0.99275494,0.44529247283935547,[0.5566721]
658,0.99275494,0.44359683990478516,[0.5566721]
659,0.99275494,0.450009822845459,[0.5566721]
660,0.99275494,0.4425044059753418,[0.5566721]
661,0.9941971,0.44182896614074707,[0.6515075]
662,0.9941971,0.4397134780883789,[0.6515075]
663,0.9941971,0.455167293548584,[0.6515075]
664,0.9941971,0.44126343727111816,[0.6515075]
665,0.9941971,0.4419972896575928,[0.6515075]
666,0.9941971,0.4420895576477051,[0.6515075]
667,0.9941971,0.4416980743408203,[0.6515075]
668,0.9941971,0.4423401355743408,[0.6515075]
669,0.9941971,0.4416971206665039,[0.6515075]
670,0.9941971,0.4477975368499756,[0.6515075]
671,0.9941971,0.45359182357788086,[0.6515075]
672,0.9941971,0.4469444751739502,[0.6515075]
673,0.9941971,0.4454355239868164,[0.6515075]
674,0.9949956,0.4431328773498535,[0.71864516]
675,0.9949956,0.4432408809661865,[0.71864516]
676,0.9949956,0.4446260929107666,[0.71864516]
677,0.9949956,0.450664758682251,[0.71864516]
678,0.9949956,0.45226168632507324,[0.71864516]
679,0.9949956,0.4466567039489746,[0.71864516]
680,0.9958497,0.4472036361694336,[0.68428946]
681,0.9958497,0.4456782341003418,[0.68428946]
682,0.9958497,0.44321131706237793,[0.68428946]
683,0.9958497,0.44354748725891113,[0.68428946]
684,0.9958497,0.4438762664794922,[0.68428946]
685,0.9958497,0.44440627098083496,[0.68428946]
686,0.9958497,0.4443204402923584,[0.68428946]
687,0.9958497,0.4431290626525879,[0.68428946]
688,0.9958497,0.4576117992401123,[0.68428946]
689,0.9958497,0.4645066261291504,[0.68428946]
690,0.9958497,0.46436500549316406,[0.68428946]
691,0.9958497,0.47002291679382324,[0.68428946]
692,0.9958497,0.47458934783935547,[0.68428946]
693,0.9958497,0.4648020267486572,[0.68428946]
694,0.9958497,0.46353673934936523,[0.68428946]
695,0.9958497,0.44292593002319336,[0.68428946]
696,0.9978239,0.44468164443969727,[0.7155826]
697,0.9978239,0.4400601387023926,[0.7155826]
698,0.9978239,0.4396071434020996,[0.7155826]
699,0.9978239,0.4472079277038574,[0.7155826]
700,0.9978239,0.44263625144958496,[0.7155826]
701,0.9978239,0.4422769546508789,[0.7155826]
702,0.9978239,0.44165658950805664,[0.7155826]
703,0.9978239,0.44695329666137695,[0.7155826]
704,0.9978239,0.44197726249694824,[0.7155826]
705,0.9978239,0.4445035457611084,[0.7155826]
706,0.9978239,0.4455881118774414,[0.7155826]
707,0.9978239,0.4512615203857422,[0.7155826]
708,0.9978239,0.4461333751678467,[0.7155826]
709,0.9978239,0.4468660354614258,[0.7155826]
710,0.9978239,0.445253849029541,[0.7155826]
711,0.9978239,0.44486355781555176,[0.7155826]
712,0.9978239,0.4435145854949951,[0.7155826]
713,0.9978239,2.629100799560547,[0.7155826]
714,0.9978239,0.44463682174682617,[0.7155826]
715,0.9978239,0.4412417411804199,[0.7155826]
716,0.9978239,0.4448885917663574,[0.7155826]
717,0.9978239,0.4432504177093506,[0.7155826]
718,0.9978239,0.4390292167663574,[0.7155826]
719,0.9978239,0.44237804412841797,[0.7155826]
720,0.9978239,0.44184017181396484,[0.7155826]
721,0.9978239,0.4404001235961914,[0.7155826]
722,0.9978239,0.4446709156036377,[0.7155826]
723,0.9978239,0.4444584846496582,[0.7155826]
724,0.9978239,0.45050597190856934,[0.7155826]
725,0.9978239,0.4429042339324951,[0.7155826]
726,0.9978239,0.44474339485168457,[0.7155826]
727,0.9978239,0.44176363945007324,[0.7155826]
728,0.9978239,0.44246482849121094,[0.7155826]
729,0.9978239,0.44570207595825195,[0.7155826]
730,0.9978239,0.44170498847961426,[0.7155826]
731,0.9978239,0.44684433937072754,[0.7155826]
732,0.9978239,0.44432902336120605,[0.7155826]
733,0.9978239,0.4428882598876953,[0.7155826]
734,0.9978239,0.44255757331848145,[0.7155826]
735,0.9978239,0.44161319732666016,[0.7155826]
736,0.9978239,0.4408900737762451,[0.7155826]
737,0.9978239,0.44002294540405273,[0.7155826]
738,0.9978239,0.44310832023620605,[0.7155826]
739,0.9978239,0.4388611316680908,[0.7155826]
740,0.9978239,0.44115328788757324,[0.7155826]
741,0.9978239,0.438737154006958,[0.7155826]
742,0.9978239,0.44150543212890625,[0.7155826]
743,0.9978239,0.4419581890106201,[0.7155826]
744,0.9978239,0.443023681640625,[0.7155826]
745,0.9978239,0.44780659675598145,[0.7155826]
746,0.9978239,0.4471263885498047,[0.7155826]
747,0.9978239,0.43970513343811035,[0.7155826]
748,0.9978239,0.4405844211578369,[0.7155826]
749,0.9978239,0.44110918045043945,[0.7155826]
750,0.9978239,0.4411039352416992,[0.7155826]
751,0.9978239,0.44425177574157715,[0.7155826]
752,0.9978239,0.44306325912475586,[0.7155826]
753,0.9978239,0.4620547294616699,[0.7155826]
754,0.9978239,0.45087265968322754,[0.7155826]
755,0.9978239,0.4413282871246338,[0.7155826]
756,0.9978239,0.4451277256011963,[0.7155826]
757,0.9978239,0.4473872184753418,[0.7155826]
758,0.9978239,0.44652295112609863,[0.7155826]
759,0.9978239,0.442310094833374,[0.7155826]
760,0.9978239,0.44875001907348633,[0.7155826]
761,0.9978239,0.4479329586029053,[0.7155826]
762,0.9978239,0.4442570209503174,[0.7155826]
763,0.9978239,0.44406557083129883,[0.7155826]
764,0.9978239,0.4415407180786133,[0.7155826]
765,0.9978239,0.4416015148162842,[0.7155826]
766,0.9978239,0.44308972358703613,[0.7155826]
767,0.9978239,0.4424097537994385,[0.7155826]
768,0.9978239,0.44075489044189453,[0.7155826]
769,0.9978239,0.4428443908691406,[0.7155826]
770,0.9978239,0.4462575912475586,[0.7155826]
771,0.9978239,0.4430961608886719,[0.7155826]
772,0.9978239,0.44243621826171875,[0.7155826]
773,0.9980897,0.4435403347015381,[0.76584554]
774,0.9980897,0.43986940383911133,[0.76584554]
775,0.9980897,0.4414026737213135,[0.76584554]
776,0.9980897,0.4444549083709717,[0.76584554]
777,0.9980897,0.4435436725616455,[0.76584554]
778,0.9980897,0.44146013259887695,[0.76584554]
779,0.9980897,0.44411253929138184,[0.76584554]
780,0.9980897,0.4445638656616211,[0.76584554]
781,0.9980897,0.4417290687561035,[0.76584554]
782,0.9980897,0.44572973251342773,[0.76584554]
783,0.9980897,0.44678807258605957,[0.76584554]
784,0.9980897,0.44519543647766113,[0.76584554]
785,0.9980897,0.4447457790374756,[0.76584554]
786,0.9980897,0.4470386505126953,[0.76584554]
787,0.9980897,0.4450201988220215,[0.76584554]
788,0.9980897,0.44477176666259766,[0.76584554]
789,0.9980897,0.45295023918151855,[0.76584554]
790,0.9980897,0.4466724395751953,[0.76584554]
791,0.9980897,0.4430835247039795,[0.76584554]
792,0.9980897,0.44321203231811523,[0.76584554]
793,0.9980897,0.44325757026672363,[0.76584554]
794,0.9980897,0.44451165199279785,[0.76584554]
795,0.9980897,0.4450242519378662,[0.76584554]
796,0.9980897,0.44489479064941406,[0.76584554]
797,0.9980897,0.4457428455352783,[0.76584554]
798,0.9980897,0.4453437328338623,[0.76584554]
799,0.998966,0.44568371772766113,[0.8559332]
800,0.998966,0.4446885585784912,[0.8559332]
801,0.998966,0.44171667098999023,[0.8559332]
802,0.998966,0.44388532638549805,[0.8559332]
803,0.998966,0.4432039260864258,[0.8559332]
804,0.998966,0.4410407543182373,[0.8559332]
805,0.998966,0.4457688331604004,[0.8559332]
806,0.99903774,0.44564151763916016,[0.789418]
807,0.99903774,2.587536334991455,[0.789418]
808,0.99903774,0.4435093402862549,[0.789418]
809,0.99903774,0.4406402111053467,[0.789418]
810,0.99903774,0.44077205657958984,[0.789418]
811,0.99903774,0.44250965118408203,[0.789418]
812,0.99903774,0.442157506942749,[0.789418]
813,0.99903774,0.44142603874206543,[0.789418]
814,0.99903774,0.4406414031982422,[0.789418]
815,0.99903774,0.4456307888031006,[0.789418]
816,0.99903774,0.44551849365234375,[0.789418]
817,0.99903774,0.44225311279296875,[0.789418]
818,0.99903774,0.4472649097442627,[0.789418]
819,0.99903774,0.4403395652770996,[0.789418]
820,0.99903774,0.43883466720581055,[0.789418]
821,0.99903774,0.44518113136291504,[0.789418]
822,0.99903774,0.4403705596923828,[0.789418]
823,0.99903774,0.44077467918395996,[0.789418]
824,0.99903774,0.4416012763977051,[0.789418]
825,0.99903774,0.44537925720214844,[0.789418]
826,0.99903774,0.4445455074310303,[0.789418]
827,0.99903774,0.44422101974487305,[0.789418]
828,0.99903774,0.44289135932922363,[0.789418]
829,0.99903774,0.44303059577941895,[0.789418]
830,0.99903774,0.44090843200683594,[0.789418]
831,0.99903774,0.44278526306152344,[0.789418]
832,0.99903774,0.4441204071044922,[0.789418]
833,0.99903774,0.4449131488800049,[0.789418]
834,0.99903774,0.4428591728210449,[0.789418]
835,0.99903774,0.4445807933807373,[0.789418]
836,0.99903774,0.4466261863708496,[0.789418]
837,0.99903774,0.4448859691619873,[0.789418]
838,0.99903774,0.44393014907836914,[0.789418]
839,0.99903774,0.44593381881713867,[0.789418]
840,0.99903774,0.44116997718811035,[0.789418]
841,0.99903774,0.4414234161376953,[0.789418]
842,0.99903774,0.44478321075439453,[0.789418]
843,0.99903774,0.44263529777526855,[0.789418]
844,0.99903774,0.4451448917388916,[0.789418]
845,0.99903774,0.442643404006958,[0.789418]
846,0.99903774,0.44593262672424316,[0.789418]
847,0.99903774,0.4411032199859619,[0.789418]
848,0.99903774,0.44448018074035645,[0.789418]
849,0.99903774,0.44154834747314453,[0.789418]
850,0.99903774,0.45047760009765625,[0.789418]
851,0.99903774,0.44517946243286133,[0.789418]
852,0.99903774,0.44042110443115234,[0.789418]
853,0.99903774,0.4461805820465088,[0.789418]
854,0.99903774,0.44650888442993164,[0.789418]
855,0.99903774,0.4457380771636963,[0.789418]
856,0.99903774,0.44024658203125,[0.789418]
857,0.99903774,0.4550001621246338,[0.789418]
858,0.99903774,0.44652819633483887,[0.789418]
859,0.99903774,0.4455831050872803,[0.789418]
860,0.99903774,0.4471569061279297,[0.789418]
861,0.99903774,0.44785642623901367,[0.789418]
862,0.99903774,0.4462239742279053,[0.789418]
863,0.99903774,0.44503068923950195,[0.789418]
864,0.99903774,0.4465193748474121,[0.789418]
865,0.99903774,0.45822906494140625,[0.789418]
866,0.99903774,0.4434025287628174,[0.789418]
867,0.99903774,0.4453155994415283,[0.789418]
868,0.99903774,0.44115400314331055,[0.789418]
869,0.99903774,0.44416356086730957,[0.789418]
870,0.99903774,0.4452664852142334,[0.789418]
871,0.99903774,0.4404878616333008,[0.789418]
872,0.99903774,0.44858288764953613,[0.789418]
873,0.99903774,0.4460897445678711,[0.789418]
874,0.99903774,0.44742631912231445,[0.789418]
875,0.99903774,0.44683337211608887,[0.789418]
876,0.99903774,0.44689321517944336,[0.789418]
877,0.99903774,0.44600939750671387,[0.789418]
878,0.99903774,0.44794368743896484,[0.789418]
879,0.99903774,0.44923830032348633,[0.789418]
880,0.99903774,0.44266390800476074,[0.789418]
881,0.99903774,0.44620800018310547,[0.789418]
882,0.99903774,0.4459500312805176,[0.789418]
883,0.99903774,0.44321608543395996,[0.789418]
884,0.99903774,0.4445304870605469,[0.789418]
885,0.99903774,0.4444847106933594,[0.789418]
886,0.99903774,0.4450962543487549,[0.789418]
887,0.99903774,0.4458129405975342,[0.789418]
888,0.99903774,0.44463253021240234,[0.789418]
889,0.99903774,0.4435446262359619,[0.789418]
890,0.99903774,0.4456033706665039,[0.789418]
891,0.99903774,0.4477880001068115,[0.789418]
892,0.99903774,0.44742369651794434,[0.789418]
893,0.99903774,0.4450185298919678,[0.789418]
894,0.99903774,0.4522221088409424,[0.789418]
895,0.99903774,0.4451279640197754,[0.789418]
896,0.99903774,0.44419288635253906,[0.789418]
897,0.99903774,0.4464914798736572,[0.789418]
898,0.99903774,0.44568896293640137,[0.789418]
899,0.99903774,2.5725903511047363,[0.789418]
900,0.99903774,0.443927526473999,[0.789418]
901,0.99903774,0.4483675956726074,[0.789418]
902,0.99903774,0.4436964988708496,[0.789418]
903,0.99903774,0.44268369674682617,[0.789418]
904,0.99903774,0.44917941093444824,[0.789418]
905,0.99903774,0.4465193748474121,[0.789418]
906,0.99903774,0.444805383682251,[0.789418]
907,0.99903774,0.44325780868530273,[0.789418]
908,0.99903774,0.4461085796356201,[0.789418]
909,0.99903774,0.44698023796081543,[0.789418]
910,0.99903774,0.44226861000061035,[0.789418]
911,0.99903774,0.4459967613220215,[0.789418]
912,0.99903774,0.44191861152648926,[0.789418]
913,0.99903774,0.4421861171722412,[0.789418]
914,0.99903774,0.44733285903930664,[0.789418]
915,0.99903774,0.44232654571533203,[0.789418]
916,0.99903774,0.44210243225097656,[0.789418]
917,0.99903774,0.44296932220458984,[0.789418]
918,0.99903774,0.44669580459594727,[0.789418]
919,0.99903774,0.4455726146697998,[0.789418]
920,0.99903774,0.4439365863800049,[0.789418]
921,0.99903774,0.4471628665924072,[0.789418]
922,0.99903774,0.4462926387786865,[0.789418]
923,0.99903774,0.4471864700317383,[0.789418]
924,0.99903774,0.44794178009033203,[0.789418]
925,0.99903774,0.44530200958251953,[0.789418]
926,0.99903774,0.4532320499420166,[0.789418]
927,0.999265,0.4424269199371338,[0.82146543]
928,0.999265,0.44347143173217773,[0.82146543]
929,0.999265,0.44289374351501465,[0.82146543]
930,0.999265,0.4459531307220459,[0.82146543]
931,0.999265,0.44405627250671387,[0.82146543]
932,0.99954176,0.44629478454589844,[0.86405194]
933,0.99954176,0.4505453109741211,[0.86405194]
934,0.99954176,0.444965124130249,[0.86405194]
935,0.99954176,0.44478416442871094,[0.86405194]
936,0.99954176,0.44390177726745605,[0.86405194]
937,0.99954176,0.442171573638916,[0.86405194]
938,0.99954176,0.4428365230560303,[0.86405194]
939,0.99954176,0.44351673126220703,[0.86405194]
940,0.99954176,0.4506840705871582,[0.86405194]
941,0.99954176,0.4485163688659668,[0.86405194]
942,0.99954176,0.4450876712799072,[0.86405194]
943,0.99954176,0.44709229469299316,[0.86405194]
944,0.99954176,0.4459068775177002,[0.86405194]
945,0.99954176,0.44463086128234863,[0.86405194]
946,0.99954176,0.4443943500518799,[0.86405194]
947,0.99954176,0.44716382026672363,[0.86405194]
948,0.99954176,0.46260547637939453,[0.86405194]
949,0.99954176,0.4484429359436035,[0.86405194]
950,0.99954176,0.44926905632019043,[0.86405194]
951,0.99954176,0.44498181343078613,[0.86405194]
952,0.99954176,0.4440641403198242,[0.86405194]
953,0.99954176,0.4457552433013916,[0.86405194]
954,0.99954176,0.4462156295776367,[0.86405194]
955,0.99954176,0.45386457443237305,[0.86405194]
956,0.99954176,0.4526650905609131,[0.86405194]
957,0.99954176,0.4483013153076172,[0.86405194]
958,0.99954176,0.4484517574310303,[0.86405194]
959,0.99954176,0.45316195487976074,[0.86405194]
960,0.99954176,0.4511420726776123,[0.86405194]
961,0.99954176,0.4470069408416748,[0.86405194]
962,0.99954176,0.4430422782897949,[0.86405194]
963,0.99954176,0.446760892868042,[0.86405194]
964,0.99954176,0.4475526809692383,[0.86405194]
965,0.99954176,0.4462764263153076,[0.86405194]
966,0.99954176,0.4477818012237549,[0.86405194]
967,0.99954176,0.44509005546569824,[0.86405194]
968,0.99954176,0.4459850788116455,[0.86405194]
969,0.99954176,0.4447972774505615,[0.86405194]
970,0.99954176,0.4453616142272949,[0.86405194]
971,0.99954176,0.4449489116668701,[0.86405194]
972,0.99954176,0.4480326175689697,[0.86405194]
973,0.99954176,0.44571495056152344,[0.86405194]
974,0.99954176,0.44704294204711914,[0.86405194]
975,0.99954176,0.4470365047454834,[0.86405194]
976,0.99954176,0.44625115394592285,[0.86405194]
977,0.99954176,0.45393991470336914,[0.86405194]
978,0.99954176,0.4485337734222412,[0.86405194]
979,0.99954176,0.44518375396728516,[0.86405194]
980,0.99954176,0.4450857639312744,[0.86405194]
981,0.99954176,0.4457390308380127,[0.86405194]
982,0.99954176,0.44427061080932617,[0.86405194]
983,0.99954176,0.4437694549560547,[0.86405194]
984,0.99954176,0.45731568336486816,[0.86405194]
985,0.99954176,0.4451756477355957,[0.86405194]
986,0.99954176,0.4471919536590576,[0.86405194]
987,0.99954176,0.44503116607666016,[0.86405194]
988,0.99954176,0.4447460174560547,[0.86405194]
989,0.99954176,0.4450035095214844,[0.86405194]
990,0.99954176,0.44515037536621094,[0.86405194]
991,0.99954176,0.4424433708190918,[0.86405194]
992,0.99954176,2.624107599258423,[0.86405194]
993,0.99954176,0.44664669036865234,[0.86405194]
994,0.99954176,0.4585700035095215,[0.86405194]
995,0.99954176,0.44820165634155273,[0.86405194]
996,0.99954176,0.4434840679168701,[0.86405194]
997,0.99954176,0.4477267265319824,[0.86405194]
998,0.99954176,0.4492630958557129,[0.86405194]
999,0.99954176,0.4522562026977539,[0.86405194]
