iteration,max_fitness,time,test_accuracy
0,-123.06753,0.0,-140.7205
1,-111.70912,1.2009053230285645,[-123.56369]
2,-99.96565,1.211151361465454,[-98.33944]
3,-72.63986,3.6110918521881104,[-66.183784]
4,-72.63986,1.2131764888763428,[-66.183784]
5,-63.930878,1.206712007522583,[-71.82327]
6,-63.930878,1.183586835861206,[-71.82327]
7,-63.900604,1.1846592426300049,[-54.72943]
8,-46.64609,1.1838233470916748,[-36.49445]
9,-46.64609,1.175356149673462,[-36.49445]
10,-46.45141,1.1554594039916992,[-37.803406]
11,-46.45141,1.1778719425201416,[-37.803406]
12,-46.45141,1.1721811294555664,[-37.803406]
13,-46.45141,1.1570167541503906,[-37.803406]
14,-46.45141,1.1703550815582275,[-37.803406]
15,-46.45141,1.1720421314239502,[-37.803406]
16,-46.45141,1.1884138584136963,[-37.803406]
17,-46.45141,1.1784110069274902,[-37.803406]
18,-46.45141,1.197251558303833,[-37.803406]
19,-46.45141,1.2001919746398926,[-37.803406]
20,-45.177902,1.2090299129486084,[-36.54239]
21,-45.177902,1.2043883800506592,[-36.54239]
22,-41.016445,1.2146542072296143,[-27.128813]
23,-41.016445,1.1940088272094727,[-27.128813]
24,-41.016445,1.2125205993652344,[-27.128813]
25,-38.55829,1.1846940517425537,[-31.851334]
26,-36.35406,1.1897358894348145,[-27.25226]
27,-36.35406,1.1964726448059082,[-27.25226]
28,-36.35406,1.1493630409240723,[-27.25226]
29,-33.79099,1.1365697383880615,[-23.793629]
30,-29.165562,1.1427655220031738,[-16.638317]
31,-20.056454,1.1618866920471191,[-12.39411]
32,-20.056454,1.1834595203399658,[-12.39411]
33,-20.056454,1.1713502407073975,[-12.39411]
34,-20.011707,1.183161735534668,[-13.237357]
35,-20.011707,1.1971540451049805,[-13.237357]
36,-20.011707,1.16646146774292,[-13.237357]
37,-20.011707,1.2110745906829834,[-13.237357]
38,-19.63334,1.2028274536132812,[-16.392263]
39,-15.565098,1.1902549266815186,[-15.258446]
40,-15.565098,1.1760573387145996,[-15.258446]
41,-13.617814,1.2112689018249512,[-10.25042]
42,-13.617814,1.1970765590667725,[-10.25042]
43,-12.056045,1.1915538311004639,[-11.763187]
44,-12.056045,1.1837940216064453,[-11.763187]
45,-12.056045,1.1726493835449219,[-11.763187]
46,-12.056045,1.1955325603485107,[-11.763187]
47,-7.3182106,1.1968297958374023,[-4.7248144]
48,-7.3182106,1.1769583225250244,[-4.7248144]
49,-7.3182106,1.1794819831848145,[-4.7248144]
50,-7.3182106,1.19099760055542,[-4.7248144]
51,-7.3182106,1.1642718315124512,[-4.7248144]
52,-7.3182106,1.1753008365631104,[-4.7248144]
53,-7.3182106,1.1749627590179443,[-4.7248144]
54,-7.3182106,1.1721785068511963,[-4.7248144]
55,-7.3182106,1.1750423908233643,[-4.7248144]
56,-7.3182106,1.1948585510253906,[-4.7248144]
57,-4.089529,1.161454200744629,[-2.8377404]
58,-4.089529,1.1698195934295654,[-2.8377404]
59,-1.4278255,1.1452648639678955,[-1.9533103]
60,-1.4278255,1.1446516513824463,[-1.9533103]
61,-1.4278255,1.164952278137207,[-1.9533103]
62,-0.47356427,1.1765525341033936,[-0.91167593]
63,-0.47356427,1.168748140335083,[-0.91167593]
64,0.046884418,1.1605477333068848,[-0.31079793]
65,0.08519709,1.1937315464019775,[0.3002075]
66,0.09310335,1.1771838665008545,[-0.19562817]
67,0.09310335,1.1558029651641846,[-0.19562817]
68,0.5353037,1.1874732971191406,[0.46669006]
69,0.5353037,1.1720421314239502,[0.46669006]
70,0.5353037,1.185934066772461,[0.46669006]
71,0.5353037,1.1944553852081299,[0.46669006]
72,0.5353037,1.199331521987915,[0.46669006]
73,0.5353037,1.175398588180542,[0.46669006]
74,0.5353037,1.188619613647461,[0.46669006]
75,0.5353037,1.1491811275482178,[0.46669006]
76,0.5353037,1.1561050415039062,[0.46669006]
77,0.5353037,1.2266366481781006,[0.46669006]
78,0.57344216,1.2113044261932373,[0.5587537]
79,0.57344216,1.2050879001617432,[0.5587537]
80,0.57344216,1.2062044143676758,[0.5587537]
81,0.57344216,1.222686529159546,[0.5587537]
82,0.57344216,1.1852405071258545,[0.5587537]
83,0.57344216,1.1998512744903564,[0.5587537]
84,0.57344216,1.177126407623291,[0.5587537]
85,0.5992956,1.1938097476959229,[0.620998]
86,0.5992956,1.1922969818115234,[0.620998]
87,0.5992956,1.1801910400390625,[0.620998]
88,0.5992956,1.1776163578033447,[0.620998]
89,0.5992956,1.192596197128296,[0.620998]
90,0.5992956,1.2105634212493896,[0.620998]
91,0.5992956,1.1924517154693604,[0.620998]
92,0.5992956,1.2002742290496826,[0.620998]
93,0.5992956,1.1983520984649658,[0.620998]
94,0.5992956,1.200587272644043,[0.620998]
95,0.6168109,3.6237905025482178,[0.67417526]
96,0.6206237,1.180875539779663,[0.68454194]
97,0.6206237,1.1691253185272217,[0.68454194]
98,0.6206237,1.1667652130126953,[0.68454194]
99,0.6206237,1.1902101039886475,[0.68454194]
100,0.6206237,1.2001023292541504,[0.68454194]
101,0.6206237,1.196035385131836,[0.68454194]
102,0.6206237,1.1760311126708984,[0.68454194]
103,0.62877584,1.2048473358154297,[0.6700701]
104,0.62877584,1.2018799781799316,[0.6700701]
105,0.7081886,1.1791925430297852,[0.7304439]
106,0.7081886,1.1875805854797363,[0.7304439]
107,0.7081886,1.1616127490997314,[0.7304439]
108,0.7081886,1.1854078769683838,[0.7304439]
109,0.7081886,1.1658523082733154,[0.7304439]
110,0.7081886,1.1991796493530273,[0.7304439]
111,0.7081886,1.1622793674468994,[0.7304439]
112,0.7081886,1.170206069946289,[0.7304439]
113,0.7081886,1.1712429523468018,[0.7304439]
114,0.7081886,1.1972107887268066,[0.7304439]
115,0.7081886,1.1592493057250977,[0.7304439]
116,0.7081886,1.1959724426269531,[0.7304439]
117,0.7081886,1.1652400493621826,[0.7304439]
118,0.7081886,1.1805217266082764,[0.7304439]
119,0.7081886,1.160222053527832,[0.7304439]
120,0.7081886,1.1725893020629883,[0.7304439]
121,0.7081886,1.1504807472229004,[0.7304439]
122,0.7081886,1.1697909832000732,[0.7304439]
123,0.7081886,1.1666173934936523,[0.7304439]
124,0.7081886,1.188145399093628,[0.7304439]
125,0.7081886,1.1637356281280518,[0.7304439]
126,0.7081886,1.1918859481811523,[0.7304439]
127,0.7081886,1.1707160472869873,[0.7304439]
128,0.7081886,1.1817591190338135,[0.7304439]
129,0.7081886,1.181394100189209,[0.7304439]
130,0.7081886,1.2138283252716064,[0.7304439]
131,0.7081886,1.1750404834747314,[0.7304439]
132,0.7081886,1.2128798961639404,[0.7304439]
133,0.7081886,1.2022862434387207,[0.7304439]
134,0.7081886,1.2113118171691895,[0.7304439]
135,0.7081886,1.2011945247650146,[0.7304439]
136,0.76501334,1.22572660446167,[0.80305225]
137,0.76501334,1.221787691116333,[0.80305225]
138,0.76501334,1.2251098155975342,[0.80305225]
139,0.76501334,1.2249820232391357,[0.80305225]
140,0.76501334,1.2494277954101562,[0.80305225]
141,0.76501334,1.2069244384765625,[0.80305225]
142,0.76501334,1.227992296218872,[0.80305225]
143,0.76501334,1.2069666385650635,[0.80305225]
144,0.76501334,1.2194697856903076,[0.80305225]
145,0.76501334,1.1845228672027588,[0.80305225]
146,0.76501334,1.222315788269043,[0.80305225]
147,0.76501334,1.202941656112671,[0.80305225]
148,0.76501334,1.1985328197479248,[0.80305225]
149,0.76501334,1.2131516933441162,[0.80305225]
150,0.76501334,1.1830558776855469,[0.80305225]
151,0.76501334,1.1743426322937012,[0.80305225]
152,0.76501334,1.1916491985321045,[0.80305225]
153,0.7817517,1.1477391719818115,[0.82814276]
154,0.7817517,1.1212594509124756,[0.82814276]
155,0.7817517,1.134427547454834,[0.82814276]
156,0.7817517,1.1591529846191406,[0.82814276]
157,0.7817517,1.1490061283111572,[0.82814276]
158,0.7817517,1.141686201095581,[0.82814276]
159,0.7817517,1.1222383975982666,[0.82814276]
160,0.78414214,1.1275818347930908,[0.8360989]
161,0.78414214,1.0855257511138916,[0.8360989]
162,0.78414214,1.1163575649261475,[0.8360989]
163,0.78414214,1.043818712234497,[0.8360989]
164,0.78414214,1.0525455474853516,[0.8360989]
165,0.78414214,1.070974349975586,[0.8360989]
166,0.78414214,1.103158950805664,[0.8360989]
167,0.80013525,1.0672669410705566,[0.8521935]
168,0.80013525,1.08119535446167,[0.8521935]
169,0.80013525,1.074068546295166,[0.8521935]
170,0.8045492,1.0922729969024658,[0.8549354]
171,0.8045492,1.0837490558624268,[0.8549354]
172,0.8045492,1.0960595607757568,[0.8549354]
173,0.8045492,1.0971498489379883,[0.8549354]
174,0.8045492,1.08204984664917,[0.8549354]
175,0.8045492,1.0650615692138672,[0.8549354]
176,0.8072032,1.0828258991241455,[0.85881484]
177,0.8072032,1.082892656326294,[0.85881484]
178,0.8072032,1.0689969062805176,[0.85881484]
179,0.8072032,1.0828428268432617,[0.85881484]
180,0.8072032,1.073164701461792,[0.85881484]
181,0.8072032,1.0947473049163818,[0.85881484]
182,0.8072032,1.0749409198760986,[0.85881484]
183,0.8072032,1.0839931964874268,[0.85881484]
184,0.8072032,1.0799376964569092,[0.85881484]
185,0.8072032,1.0896553993225098,[0.85881484]
186,0.8072032,1.0721938610076904,[0.85881484]
187,0.8072032,1.0989673137664795,[0.85881484]
188,0.8072032,3.4482975006103516,[0.85881484]
189,0.8072032,1.1266124248504639,[0.85881484]
190,0.8072032,1.1178216934204102,[0.85881484]
191,0.8072032,1.1172213554382324,[0.85881484]
192,0.8072032,1.110466718673706,[0.85881484]
193,0.8072032,1.1177160739898682,[0.85881484]
194,0.8072032,1.1031644344329834,[0.85881484]
195,0.8072032,1.1121461391448975,[0.85881484]
196,0.8072032,1.1034646034240723,[0.85881484]
197,0.8072032,1.1088511943817139,[0.85881484]
198,0.8072032,1.108107089996338,[0.85881484]
199,0.8072032,1.1191895008087158,[0.85881484]
200,0.8072032,1.1006598472595215,[0.85881484]
201,0.8072032,1.108128309249878,[0.85881484]
202,0.8072032,1.0737876892089844,[0.85881484]
203,0.8072032,1.0754146575927734,[0.85881484]
204,0.8072032,1.0632948875427246,[0.85881484]
205,0.8072032,1.0863559246063232,[0.85881484]
206,0.8072032,1.0657777786254883,[0.85881484]
207,0.8072032,1.094529151916504,[0.85881484]
208,0.8072032,1.079512119293213,[0.85881484]
209,0.8072032,1.0938515663146973,[0.85881484]
210,0.8072032,1.0826826095581055,[0.85881484]
211,0.8072032,1.1115107536315918,[0.85881484]
212,0.8072032,1.0940065383911133,[0.85881484]
213,0.8072032,1.0999109745025635,[0.85881484]
214,0.8072032,1.0733554363250732,[0.85881484]
215,0.8072032,1.1041150093078613,[0.85881484]
216,0.8072032,1.1032440662384033,[0.85881484]
217,0.8072032,1.1122660636901855,[0.85881484]
218,0.8072032,1.1175544261932373,[0.85881484]
219,0.8072032,1.1142051219940186,[0.85881484]
220,0.8072032,1.0918877124786377,[0.85881484]
221,0.8072032,1.1138203144073486,[0.85881484]
222,0.8072032,1.0974888801574707,[0.85881484]
223,0.8072032,1.1039669513702393,[0.85881484]
224,0.8072032,1.086162805557251,[0.85881484]
225,0.8072032,1.0958819389343262,[0.85881484]
226,0.8072032,1.0848591327667236,[0.85881484]
227,0.8072032,1.098585844039917,[0.85881484]
228,0.8072032,1.0765023231506348,[0.85881484]
229,0.8072032,1.078355312347412,[0.85881484]
230,0.8072032,1.0824239253997803,[0.85881484]
231,0.8072032,1.1009302139282227,[0.85881484]
232,0.8072032,1.08827543258667,[0.85881484]
233,0.8072032,1.1190881729125977,[0.85881484]
234,0.8072032,1.0896520614624023,[0.85881484]
235,0.8072032,1.1147363185882568,[0.85881484]
236,0.8072032,1.097994327545166,[0.85881484]
237,0.8072032,1.1205179691314697,[0.85881484]
238,0.8072032,1.090430736541748,[0.85881484]
239,0.8072032,1.1177845001220703,[0.85881484]
240,0.8072032,1.0870132446289062,[0.85881484]
241,0.8072032,1.0868346691131592,[0.85881484]
242,0.8072032,1.0802338123321533,[0.85881484]
243,0.8072032,1.111332654953003,[0.85881484]
244,0.8072032,1.1039161682128906,[0.85881484]
245,0.8072032,1.1010911464691162,[0.85881484]
246,0.8072032,1.087801218032837,[0.85881484]
247,0.8072032,1.0897166728973389,[0.85881484]
248,0.8072032,1.075925350189209,[0.85881484]
249,0.8072032,1.1083054542541504,[0.85881484]
250,0.8072032,1.0793766975402832,[0.85881484]
251,0.8072032,1.0768046379089355,[0.85881484]
252,0.8072032,1.0497775077819824,[0.85881484]
253,0.8072032,1.0484600067138672,[0.85881484]
254,0.8072032,1.05167818069458,[0.85881484]
255,0.8072032,1.10310959815979,[0.85881484]
256,0.8072032,1.0688259601593018,[0.85881484]
257,0.8072032,1.0970120429992676,[0.85881484]
258,0.8072032,1.0870003700256348,[0.85881484]
259,0.8072032,1.1169240474700928,[0.85881484]
260,0.8072032,1.1047217845916748,[0.85881484]
261,0.8072032,1.1283411979675293,[0.85881484]
262,0.8072032,1.1138372421264648,[0.85881484]
263,0.8072032,1.1301171779632568,[0.85881484]
264,0.8072032,1.1168632507324219,[0.85881484]
265,0.8072032,1.152029275894165,[0.85881484]
266,0.8072032,1.1124327182769775,[0.85881484]
267,0.8072032,1.145005702972412,[0.85881484]
268,0.8072032,1.128209114074707,[0.85881484]
269,0.8072032,1.1424188613891602,[0.85881484]
270,0.8072032,1.1272413730621338,[0.85881484]
271,0.8072032,1.1418218612670898,[0.85881484]
272,0.8072032,1.120743989944458,[0.85881484]
273,0.8072032,1.132875919342041,[0.85881484]
274,0.8072032,1.114722490310669,[0.85881484]
275,0.8072032,1.1337666511535645,[0.85881484]
276,0.8072032,1.1033716201782227,[0.85881484]
277,0.8072032,1.1223328113555908,[0.85881484]
278,0.8072032,1.1087865829467773,[0.85881484]
279,0.8072032,1.1192851066589355,[0.85881484]
280,0.8072032,3.421949625015259,[0.85881484]
281,0.8072032,1.0785276889801025,[0.85881484]
282,0.8072032,1.075287103652954,[0.85881484]
283,0.8230734,1.0906331539154053,[0.888626]
284,0.8230734,1.1178476810455322,[0.888626]
285,0.8230734,1.1079761981964111,[0.888626]
286,0.8230734,1.1186943054199219,[0.888626]
287,0.8230734,1.111243724822998,[0.888626]
288,0.8230734,1.1177973747253418,[0.888626]
289,0.8230734,1.1159331798553467,[0.888626]
290,0.8230734,1.1314988136291504,[0.888626]
291,0.8230734,1.1128692626953125,[0.888626]
292,0.8230734,1.1188545227050781,[0.888626]
293,0.8230734,1.1051089763641357,[0.888626]
294,0.8230734,1.13309645652771,[0.888626]
295,0.8230734,1.118025541305542,[0.888626]
296,0.8230734,1.1297211647033691,[0.888626]
297,0.8230734,1.1283340454101562,[0.888626]
298,0.8230734,1.1524763107299805,[0.888626]
299,0.8230734,1.1328284740447998,[0.888626]
300,0.82532674,1.1363716125488281,[0.88656723]
301,0.82532674,1.1307671070098877,[0.88656723]
302,0.82532674,1.1309566497802734,[0.88656723]
303,0.82532674,1.1234281063079834,[0.88656723]
304,0.82532674,1.1421070098876953,[0.88656723]
305,0.82532674,1.161698818206787,[0.88656723]
306,0.82532674,1.1333692073822021,[0.88656723]
307,0.82532674,1.1340217590332031,[0.88656723]
308,0.82532674,1.132760763168335,[0.88656723]
309,0.82532674,1.1279914379119873,[0.88656723]
310,0.82532674,1.1426949501037598,[0.88656723]
311,0.82532674,1.1507351398468018,[0.88656723]
312,0.82532674,1.1482038497924805,[0.88656723]
313,0.82532674,1.1487982273101807,[0.88656723]
314,0.82532674,1.1461219787597656,[0.88656723]
315,0.82532674,1.138596534729004,[0.88656723]
316,0.82532674,1.141205072402954,[0.88656723]
317,0.82532674,1.155275583267212,[0.88656723]
318,0.82532674,1.1352295875549316,[0.88656723]
319,0.82532674,1.1322522163391113,[0.88656723]
320,0.82532674,1.132974624633789,[0.88656723]
321,0.82532674,1.1349446773529053,[0.88656723]
322,0.82532674,1.1246552467346191,[0.88656723]
323,0.82532674,1.1290748119354248,[0.88656723]
324,0.82532674,1.131131649017334,[0.88656723]
325,0.82532674,1.1250686645507812,[0.88656723]
326,0.82532674,1.1190564632415771,[0.88656723]
327,0.82532674,1.129138469696045,[0.88656723]
328,0.82532674,1.121412754058838,[0.88656723]
329,0.82532674,1.1403019428253174,[0.88656723]
330,0.82532674,1.1493184566497803,[0.88656723]
331,0.82532674,1.1305882930755615,[0.88656723]
332,0.82532674,1.1319530010223389,[0.88656723]
333,0.82532674,1.1404492855072021,[0.88656723]
334,0.82532674,1.1371781826019287,[0.88656723]
335,0.82532674,1.1559455394744873,[0.88656723]
336,0.82532674,1.1620705127716064,[0.88656723]
337,0.82532674,1.1310946941375732,[0.88656723]
338,0.82532674,1.1426575183868408,[0.88656723]
339,0.82532674,1.1253979206085205,[0.88656723]
340,0.82532674,1.1251795291900635,[0.88656723]
341,0.82532674,1.0712270736694336,[0.88656723]
342,0.82532674,1.0477306842803955,[0.88656723]
343,0.82532674,1.0915777683258057,[0.88656723]
344,0.82532674,1.0943489074707031,[0.88656723]
345,0.82532674,1.0829558372497559,[0.88656723]
346,0.82532674,1.0910258293151855,[0.88656723]
347,0.82532674,1.1003296375274658,[0.88656723]
348,0.82532674,1.1091396808624268,[0.88656723]
349,0.82532674,1.1124892234802246,[0.88656723]
350,0.82532674,1.1025054454803467,[0.88656723]
351,0.82532674,1.104757308959961,[0.88656723]
352,0.82532674,1.1031253337860107,[0.88656723]
353,0.82532674,1.102539300918579,[0.88656723]
354,0.82532674,1.1175930500030518,[0.88656723]
355,0.82532674,1.104720115661621,[0.88656723]
356,0.82532674,1.1036512851715088,[0.88656723]
357,0.82532674,1.1031250953674316,[0.88656723]
358,0.82532674,1.1002123355865479,[0.88656723]
359,0.82532674,1.0994033813476562,[0.88656723]
360,0.82532674,1.1067395210266113,[0.88656723]
361,0.82532674,1.1047916412353516,[0.88656723]
362,0.82532674,1.1048238277435303,[0.88656723]
363,0.82532674,1.1109724044799805,[0.88656723]
364,0.82532674,1.0949537754058838,[0.88656723]
365,0.82532674,1.0965547561645508,[0.88656723]
366,0.82532674,1.0989527702331543,[0.88656723]
367,0.82532674,1.097752332687378,[0.88656723]
368,0.82532674,1.1083550453186035,[0.88656723]
369,0.82532674,1.1178510189056396,[0.88656723]
370,0.82532674,1.1151795387268066,[0.88656723]
371,0.82532674,1.1292169094085693,[0.88656723]
372,0.82532674,1.1272263526916504,[0.88656723]
373,0.82532674,3.4722793102264404,[0.88656723]
374,0.82532674,1.1470539569854736,[0.88656723]
375,0.82532674,1.1417148113250732,[0.88656723]
376,0.82532674,1.1530613899230957,[0.88656723]
377,0.82532674,1.1437289714813232,[0.88656723]
378,0.82532674,1.1542072296142578,[0.88656723]
379,0.82532674,1.131746530532837,[0.88656723]
380,0.82532674,1.1562111377716064,[0.88656723]
381,0.82532674,1.1416497230529785,[0.88656723]
382,0.82532674,1.160759687423706,[0.88656723]
383,0.82532674,1.1429626941680908,[0.88656723]
384,0.82532674,1.142430067062378,[0.88656723]
385,0.82532674,1.1390221118927002,[0.88656723]
386,0.82532674,1.1304779052734375,[0.88656723]
387,0.82532674,1.1381902694702148,[0.88656723]
388,0.82532674,1.1427156925201416,[0.88656723]
389,0.82532674,1.138948917388916,[0.88656723]
390,0.82532674,1.1337854862213135,[0.88656723]
391,0.82532674,1.131737232208252,[0.88656723]
392,0.82532674,1.1299943923950195,[0.88656723]
393,0.82532674,1.1361143589019775,[0.88656723]
394,0.82532674,1.1255106925964355,[0.88656723]
395,0.82532674,1.1236214637756348,[0.88656723]
396,0.82532674,1.131721019744873,[0.88656723]
397,0.82532674,1.1332900524139404,[0.88656723]
398,0.82532674,1.1209170818328857,[0.88656723]
399,0.82532674,1.1499276161193848,[0.88656723]
400,0.82532674,1.1336956024169922,[0.88656723]
401,0.82532674,1.1493723392486572,[0.88656723]
402,0.82532674,1.1322157382965088,[0.88656723]
403,0.82532674,1.1327810287475586,[0.88656723]
404,0.82532674,1.1354801654815674,[0.88656723]
405,0.82532674,1.1252131462097168,[0.88656723]
406,0.82532674,1.132962942123413,[0.88656723]
407,0.82532674,1.119940996170044,[0.88656723]
408,0.82532674,1.123842716217041,[0.88656723]
409,0.82532674,1.1307010650634766,[0.88656723]
410,0.82532674,1.1139500141143799,[0.88656723]
411,0.82532674,1.141263723373413,[0.88656723]
412,0.82532674,1.141209363937378,[0.88656723]
413,0.82532674,1.1259160041809082,[0.88656723]
414,0.82532674,1.132232427597046,[0.88656723]
415,0.82532674,1.1241793632507324,[0.88656723]
416,0.82532674,1.1223249435424805,[0.88656723]
417,0.82532674,1.1193835735321045,[0.88656723]
418,0.82532674,1.1502938270568848,[0.88656723]
419,0.82532674,1.1171796321868896,[0.88656723]
420,0.82532674,1.1372463703155518,[0.88656723]
421,0.82532674,1.124211311340332,[0.88656723]
422,0.82532674,1.1245243549346924,[0.88656723]
423,0.82532674,1.1076664924621582,[0.88656723]
424,0.82532674,1.1296741962432861,[0.88656723]
425,0.82532674,1.116635799407959,[0.88656723]
426,0.82532674,1.1212427616119385,[0.88656723]
427,0.82532674,1.1109576225280762,[0.88656723]
428,0.82532674,1.112321138381958,[0.88656723]
429,0.82532674,1.0618433952331543,[0.88656723]
430,0.82532674,1.0491583347320557,[0.88656723]
431,0.82532674,1.1179726123809814,[0.88656723]
432,0.82532674,1.1329126358032227,[0.88656723]
433,0.82532674,1.1274850368499756,[0.88656723]
434,0.82532674,1.132735252380371,[0.88656723]
435,0.82532674,1.1225833892822266,[0.88656723]
436,0.82532674,1.134408950805664,[0.88656723]
437,0.82532674,1.1384625434875488,[0.88656723]
438,0.82532674,1.132432222366333,[0.88656723]
439,0.82532674,1.1115612983703613,[0.88656723]
440,0.82532674,1.1232709884643555,[0.88656723]
441,0.82532674,1.117635726928711,[0.88656723]
442,0.82532674,1.1225512027740479,[0.88656723]
443,0.82532674,1.1185314655303955,[0.88656723]
444,0.82532674,1.1343417167663574,[0.88656723]
445,0.82532674,1.126868486404419,[0.88656723]
446,0.82532674,1.1303346157073975,[0.88656723]
447,0.82532674,1.1283578872680664,[0.88656723]
448,0.82532674,1.1328635215759277,[0.88656723]
449,0.82532674,1.129997730255127,[0.88656723]
450,0.82532674,1.1393511295318604,[0.88656723]
451,0.82532674,1.1297459602355957,[0.88656723]
452,0.82532674,1.1389412879943848,[0.88656723]
453,0.82532674,1.1117405891418457,[0.88656723]
454,0.82532674,1.1496491432189941,[0.88656723]
455,0.82532674,1.1544489860534668,[0.88656723]
456,0.82532674,1.1418852806091309,[0.88656723]
457,0.82532674,1.1432750225067139,[0.88656723]
458,0.82532674,1.1459252834320068,[0.88656723]
459,0.82532674,1.1474552154541016,[0.88656723]
460,0.82532674,1.1407971382141113,[0.88656723]
461,0.82532674,1.1490647792816162,[0.88656723]
462,0.82532674,1.120941400527954,[0.88656723]
463,0.82532674,1.1185290813446045,[0.88656723]
464,0.82532674,1.115044116973877,[0.88656723]
465,0.82532674,1.1111643314361572,[0.88656723]
466,0.82532674,3.45527720451355,[0.88656723]
467,0.82532674,1.1318178176879883,[0.88656723]
468,0.82532674,1.1410255432128906,[0.88656723]
469,0.82532674,1.157001256942749,[0.88656723]
470,0.82532674,1.1455235481262207,[0.88656723]
471,0.82532674,1.1327407360076904,[0.88656723]
472,0.82532674,1.1378419399261475,[0.88656723]
473,0.82532674,1.1437511444091797,[0.88656723]
474,0.82532674,1.128995656967163,[0.88656723]
475,0.82532674,1.137665033340454,[0.88656723]
476,0.82532674,1.1404693126678467,[0.88656723]
477,0.82532674,1.1370131969451904,[0.88656723]
478,0.82532674,1.1434485912322998,[0.88656723]
479,0.82532674,1.1356942653656006,[0.88656723]
480,0.82532674,1.130591630935669,[0.88656723]
481,0.82532674,1.1368155479431152,[0.88656723]
482,0.82532674,1.131654977798462,[0.88656723]
483,0.82532674,1.1247813701629639,[0.88656723]
484,0.82532674,1.1256287097930908,[0.88656723]
485,0.82532674,1.1420989036560059,[0.88656723]
486,0.82532674,1.1360368728637695,[0.88656723]
487,0.82532674,1.1369953155517578,[0.88656723]
488,0.82532674,1.1410636901855469,[0.88656723]
489,0.82532674,1.1267926692962646,[0.88656723]
490,0.82532674,1.1278338432312012,[0.88656723]
491,0.82532674,1.1257083415985107,[0.88656723]
492,0.82532674,1.139291763305664,[0.88656723]
493,0.82532674,1.1220107078552246,[0.88656723]
494,0.82532674,1.117426872253418,[0.88656723]
495,0.82532674,1.1132996082305908,[0.88656723]
496,0.82532674,1.1412701606750488,[0.88656723]
497,0.82532674,1.129042387008667,[0.88656723]
498,0.82532674,1.1440808773040771,[0.88656723]
499,0.82532674,1.1460485458374023,[0.88656723]
500,0.82532674,1.1413345336914062,[0.88656723]
501,0.82532674,1.1210908889770508,[0.88656723]
502,0.82532674,1.1393918991088867,[0.88656723]
503,0.82532674,1.1231365203857422,[0.88656723]
504,0.82532674,1.1414682865142822,[0.88656723]
505,0.82532674,1.1398861408233643,[0.88656723]
506,0.82532674,1.1270809173583984,[0.88656723]
507,0.82532674,1.1379122734069824,[0.88656723]
508,0.82532674,1.127561330795288,[0.88656723]
509,0.82532674,1.1063878536224365,[0.88656723]
510,0.82532674,1.1111528873443604,[0.88656723]
511,0.82532674,1.1289591789245605,[0.88656723]
512,0.82532674,1.1143989562988281,[0.88656723]
513,0.82532674,1.1131248474121094,[0.88656723]
514,0.82532674,1.0947716236114502,[0.88656723]
515,0.82532674,1.0941932201385498,[0.88656723]
516,0.82532674,1.0851807594299316,[0.88656723]
517,0.82532674,1.0630357265472412,[0.88656723]
518,0.82532674,1.0615854263305664,[0.88656723]
519,0.82532674,1.0716009140014648,[0.88656723]
520,0.82532674,1.1042375564575195,[0.88656723]
521,0.82532674,1.1135978698730469,[0.88656723]
522,0.82532674,1.1224117279052734,[0.88656723]
523,0.82532674,1.1057124137878418,[0.88656723]
524,0.82532674,1.1564877033233643,[0.88656723]
525,0.82532674,1.1184000968933105,[0.88656723]
526,0.82532674,1.1185221672058105,[0.88656723]
527,0.82532674,1.1056063175201416,[0.88656723]
528,0.82532674,1.1028497219085693,[0.88656723]
529,0.82532674,1.1002964973449707,[0.88656723]
530,0.82532674,1.090989589691162,[0.88656723]
531,0.82532674,1.0956146717071533,[0.88656723]
532,0.82532674,1.0978012084960938,[0.88656723]
533,0.82532674,1.099064588546753,[0.88656723]
534,0.82532674,1.0893359184265137,[0.88656723]
535,0.82532674,1.0822718143463135,[0.88656723]
536,0.82532674,1.096130609512329,[0.88656723]
537,0.82532674,1.0928750038146973,[0.88656723]
538,0.82532674,1.0865561962127686,[0.88656723]
539,0.82532674,1.0714404582977295,[0.88656723]
540,0.82532674,1.0807077884674072,[0.88656723]
541,0.82532674,1.0780701637268066,[0.88656723]
542,0.82532674,1.092902421951294,[0.88656723]
543,0.82532674,1.0791332721710205,[0.88656723]
544,0.82532674,1.0917730331420898,[0.88656723]
545,0.82532674,1.0945847034454346,[0.88656723]
546,0.82532674,1.103879451751709,[0.88656723]
547,0.82532674,1.1074843406677246,[0.88656723]
548,0.82532674,1.119506597518921,[0.88656723]
549,0.82532674,1.123884916305542,[0.88656723]
550,0.82532674,1.13173508644104,[0.88656723]
551,0.82532674,1.1348230838775635,[0.88656723]
552,0.82532674,1.1395847797393799,[0.88656723]
553,0.82532674,1.1248397827148438,[0.88656723]
554,0.82532674,1.1186931133270264,[0.88656723]
555,0.82532674,1.0975186824798584,[0.88656723]
556,0.82532674,1.1265740394592285,[0.88656723]
557,0.82532674,1.1373274326324463,[0.88656723]
558,0.82532674,3.3659794330596924,[0.88656723]
559,0.82532674,1.1146812438964844,[0.88656723]
560,0.82532674,1.1242406368255615,[0.88656723]
561,0.82532674,1.1259934902191162,[0.88656723]
562,0.82532674,1.1159946918487549,[0.88656723]
563,0.82532674,1.118398666381836,[0.88656723]
564,0.82532674,1.1301989555358887,[0.88656723]
565,0.82532674,1.135744333267212,[0.88656723]
566,0.82532674,1.132021427154541,[0.88656723]
567,0.82532674,1.1319985389709473,[0.88656723]
568,0.82532674,1.13010573387146,[0.88656723]
569,0.82532674,1.1260809898376465,[0.88656723]
570,0.82532674,1.1151337623596191,[0.88656723]
571,0.82532674,1.1269383430480957,[0.88656723]
572,0.82532674,1.1480298042297363,[0.88656723]
573,0.82532674,1.1530499458312988,[0.88656723]
574,0.82532674,1.1382558345794678,[0.88656723]
575,0.82532674,1.1110813617706299,[0.88656723]
576,0.82532674,1.1264028549194336,[0.88656723]
577,0.82532674,1.130997896194458,[0.88656723]
578,0.82532674,1.1238656044006348,[0.88656723]
579,0.82532674,1.1348960399627686,[0.88656723]
580,0.82532674,1.1382384300231934,[0.88656723]
581,0.82532674,1.1186671257019043,[0.88656723]
582,0.82532674,1.1109113693237305,[0.88656723]
583,0.82532674,1.103872299194336,[0.88656723]
584,0.82532674,1.1295928955078125,[0.88656723]
585,0.82532674,1.126636028289795,[0.88656723]
586,0.82532674,1.1250157356262207,[0.88656723]
587,0.82532674,1.1265337467193604,[0.88656723]
588,0.82532674,1.1265664100646973,[0.88656723]
589,0.82532674,1.1127722263336182,[0.88656723]
590,0.82532674,1.1279518604278564,[0.88656723]
591,0.82532674,1.1146562099456787,[0.88656723]
592,0.82532674,1.1223022937774658,[0.88656723]
593,0.82532674,1.1316514015197754,[0.88656723]
594,0.82532674,1.1077783107757568,[0.88656723]
595,0.82532674,1.1097476482391357,[0.88656723]
596,0.82532674,1.1232373714447021,[0.88656723]
597,0.82532674,1.121840000152588,[0.88656723]
598,0.82532674,1.1340577602386475,[0.88656723]
599,0.82532674,1.1191389560699463,[0.88656723]
600,0.82532674,1.1414101123809814,[0.88656723]
601,0.82532674,1.1083345413208008,[0.88656723]
602,0.82532674,1.1361134052276611,[0.88656723]
603,0.82532674,1.115947961807251,[0.88656723]
604,0.82532674,1.1330270767211914,[0.88656723]
605,0.82532674,1.1395831108093262,[0.88656723]
606,0.82532674,1.124847173690796,[0.88656723]
607,0.82532674,1.12782621383667,[0.88656723]
608,0.82532674,1.1374907493591309,[0.88656723]
609,0.82532674,1.134535551071167,[0.88656723]
610,0.82532674,1.0818052291870117,[0.88656723]
611,0.82532674,1.0654706954956055,[0.88656723]
612,0.82532674,1.138594627380371,[0.88656723]
613,0.82532674,1.132239580154419,[0.88656723]
614,0.82532674,1.1437029838562012,[0.88656723]
615,0.82532674,1.1609749794006348,[0.88656723]
616,0.82532674,1.1232008934020996,[0.88656723]
617,0.82532674,1.131255865097046,[0.88656723]
618,0.82532674,1.1332993507385254,[0.88656723]
619,0.82532674,1.137956142425537,[0.88656723]
620,0.82532674,1.1447663307189941,[0.88656723]
621,0.82532674,1.1483125686645508,[0.88656723]
622,0.82532674,1.1484408378601074,[0.88656723]
623,0.82532674,1.142932415008545,[0.88656723]
624,0.82532674,1.147442102432251,[0.88656723]
625,0.82532674,1.132439374923706,[0.88656723]
626,0.82532674,1.1240339279174805,[0.88656723]
627,0.82532674,1.132948875427246,[0.88656723]
628,0.82532674,1.144397258758545,[0.88656723]
629,0.8254798,1.106010913848877,[0.886558]
630,0.8254798,1.1266543865203857,[0.886558]
631,0.8254798,1.1109991073608398,[0.886558]
632,0.8254798,1.1336288452148438,[0.886558]
633,0.8254798,1.1059987545013428,[0.886558]
634,0.8254798,1.1434447765350342,[0.886558]
635,0.8254798,1.114041805267334,[0.886558]
636,0.8254798,1.1250560283660889,[0.886558]
637,0.8254798,1.100031852722168,[0.886558]
638,0.8254798,1.1218397617340088,[0.886558]
639,0.8254798,1.094379186630249,[0.886558]
640,0.8254798,1.1209039688110352,[0.886558]
641,0.8254798,1.0823752880096436,[0.886558]
642,0.8254798,1.1006557941436768,[0.886558]
643,0.8254798,1.0711579322814941,[0.886558]
644,0.8254798,1.1040730476379395,[0.886558]
645,0.8254798,1.0728473663330078,[0.886558]
646,0.8254798,1.0906288623809814,[0.886558]
647,0.8254798,1.0739521980285645,[0.886558]
648,0.8254798,1.1245007514953613,[0.886558]
649,0.8254798,1.0951001644134521,[0.886558]
650,0.8254798,3.508406162261963,[0.886558]
651,0.8254798,1.0825769901275635,[0.886558]
652,0.8254798,1.1298580169677734,[0.886558]
653,0.8254798,1.1070914268493652,[0.886558]
654,0.8254798,1.1400036811828613,[0.886558]
655,0.8254798,1.0759761333465576,[0.886558]
656,0.8254798,1.1092302799224854,[0.886558]
657,0.8254798,1.0935680866241455,[0.886558]
658,0.8254798,1.107224464416504,[0.886558]
659,0.8254798,1.1034529209136963,[0.886558]
660,0.8254798,1.1077821254730225,[0.886558]
661,0.8254798,1.075089693069458,[0.886558]
662,0.8254798,1.0987765789031982,[0.886558]
663,0.8254798,1.0729906558990479,[0.886558]
664,0.8254798,1.1067066192626953,[0.886558]
665,0.8254798,1.0782222747802734,[0.886558]
666,0.8254798,1.0995206832885742,[0.886558]
667,0.8254798,1.0716218948364258,[0.886558]
668,0.8254798,1.1112101078033447,[0.886558]
669,0.8254798,1.0862302780151367,[0.886558]
670,0.8254798,1.1294338703155518,[0.886558]
671,0.8254798,1.0663232803344727,[0.886558]
672,0.8254798,1.1230885982513428,[0.886558]
673,0.8254798,1.1059174537658691,[0.886558]
674,0.8254798,1.1090106964111328,[0.886558]
675,0.8254798,1.075873851776123,[0.886558]
676,0.8254798,1.0923101902008057,[0.886558]
677,0.8254798,1.0871233940124512,[0.886558]
678,0.8254798,1.0929739475250244,[0.886558]
679,0.8254798,1.0547351837158203,[0.886558]
680,0.8254798,1.1140539646148682,[0.886558]
681,0.8254798,1.1029179096221924,[0.886558]
682,0.8254798,1.1206729412078857,[0.886558]
683,0.8254798,1.0917632579803467,[0.886558]
684,0.8254798,1.1158242225646973,[0.886558]
685,0.8254798,1.0759310722351074,[0.886558]
686,0.8254798,1.1005058288574219,[0.886558]
687,0.8254798,1.06705641746521,[0.886558]
688,0.8254798,1.0857822895050049,[0.886558]
689,0.8254798,1.0655517578125,[0.886558]
690,0.8254798,1.0992200374603271,[0.886558]
691,0.8254798,1.0744507312774658,[0.886558]
692,0.8254798,1.1199052333831787,[0.886558]
693,0.8254798,1.0924267768859863,[0.886558]
694,0.8254798,1.1243436336517334,[0.886558]
695,0.8254798,1.079921007156372,[0.886558]
696,0.8254798,1.1032142639160156,[0.886558]
697,0.8254798,1.0752084255218506,[0.886558]
698,0.8254798,1.1059744358062744,[0.886558]
699,0.8254798,1.0927398204803467,[0.886558]
700,0.8254798,1.1154258251190186,[0.886558]
701,0.8254798,1.0870366096496582,[0.886558]
702,0.8254798,1.1100616455078125,[0.886558]
703,0.8254798,1.0636792182922363,[0.886558]
704,0.8254798,1.0619018077850342,[0.886558]
705,0.8254798,1.0117342472076416,[0.886558]
706,0.8254798,1.097463846206665,[0.886558]
707,0.8254798,1.0757038593292236,[0.886558]
708,0.8254798,1.1115658283233643,[0.886558]
709,0.8254798,1.092052698135376,[0.886558]
710,0.8254798,1.1114208698272705,[0.886558]
711,0.8254798,1.081331729888916,[0.886558]
712,0.8254798,1.1108126640319824,[0.886558]
713,0.8254798,1.0989620685577393,[0.886558]
714,0.8254798,1.1007606983184814,[0.886558]
715,0.8254798,1.0747992992401123,[0.886558]
716,0.8254798,1.1109867095947266,[0.886558]
717,0.8254798,1.0771288871765137,[0.886558]
718,0.8254798,1.1306462287902832,[0.886558]
719,0.8254798,1.1030359268188477,[0.886558]
720,0.8254798,1.1360397338867188,[0.886558]
721,0.8254798,1.1114537715911865,[0.886558]
722,0.8254798,1.1481468677520752,[0.886558]
723,0.8254798,1.11745023727417,[0.886558]
724,0.8254798,1.145472764968872,[0.886558]
725,0.8254798,1.1036310195922852,[0.886558]
726,0.8254798,1.1275882720947266,[0.886558]
727,0.8254798,1.1046435832977295,[0.886558]
728,0.8254798,1.1404564380645752,[0.886558]
729,0.8254798,1.103670597076416,[0.886558]
730,0.8254798,1.1377098560333252,[0.886558]
731,0.8254798,1.0989255905151367,[0.886558]
732,0.8254798,1.1336498260498047,[0.886558]
733,0.8254798,1.089604377746582,[0.886558]
734,0.8254798,1.1557719707489014,[0.886558]
735,0.8254798,1.0985372066497803,[0.886558]
736,0.8254798,1.1387546062469482,[0.886558]
737,0.8254798,1.0972042083740234,[0.886558]
738,0.8254798,1.129673957824707,[0.886558]
739,0.8254798,1.099900245666504,[0.886558]
740,0.8254798,1.1302711963653564,[0.886558]
741,0.8254798,1.1032133102416992,[0.886558]
742,0.8254798,1.1310718059539795,[0.886558]
743,0.8254798,3.5402095317840576,[0.886558]
744,0.8254798,1.1267476081848145,[0.886558]
745,0.8254798,1.08253812789917,[0.886558]
746,0.8254798,1.114637851715088,[0.886558]
747,0.8254798,1.0784599781036377,[0.886558]
748,0.8254798,1.1028940677642822,[0.886558]
749,0.8254798,1.0810868740081787,[0.886558]
750,0.8254798,1.1094088554382324,[0.886558]
751,0.8254798,1.0835871696472168,[0.886558]
752,0.8254798,1.125812292098999,[0.886558]
753,0.8254798,1.089484691619873,[0.886558]
754,0.8254798,1.1163666248321533,[0.886558]
755,0.8254798,1.077211618423462,[0.886558]
756,0.8254798,1.1059339046478271,[0.886558]
757,0.8254798,1.082852840423584,[0.886558]
758,0.8254798,1.1176648139953613,[0.886558]
759,0.8254798,1.0890300273895264,[0.886558]
760,0.8254798,1.119887113571167,[0.886558]
761,0.8254798,1.096590280532837,[0.886558]
762,0.8254798,1.1327574253082275,[0.886558]
763,0.8254798,1.1045587062835693,[0.886558]
764,0.8254798,1.1285274028778076,[0.886558]
765,0.8254798,1.0908327102661133,[0.886558]
766,0.8254798,1.1297869682312012,[0.886558]
767,0.8254798,1.0954174995422363,[0.886558]
768,0.8254798,1.1397957801818848,[0.886558]
769,0.8254798,1.1116716861724854,[0.886558]
770,0.8254798,1.124842882156372,[0.886558]
771,0.8254798,1.093656301498413,[0.886558]
772,0.8254798,1.1344025135040283,[0.886558]
773,0.8254798,1.0902268886566162,[0.886558]
774,0.8254798,1.1384539604187012,[0.886558]
775,0.8254798,1.0980157852172852,[0.886558]
776,0.8254798,1.1329946517944336,[0.886558]
777,0.8254798,1.0977458953857422,[0.886558]
778,0.8254798,1.1283068656921387,[0.886558]
779,0.8254798,1.0921270847320557,[0.886558]
780,0.8254798,1.1272492408752441,[0.886558]
781,0.8254798,1.081178903579712,[0.886558]
782,0.8254798,1.1236016750335693,[0.886558]
783,0.8254798,1.1044526100158691,[0.886558]
784,0.8254798,1.1264677047729492,[0.886558]
785,0.8254798,1.0975005626678467,[0.886558]
786,0.8254798,1.1326963901519775,[0.886558]
787,0.8254798,1.0833895206451416,[0.886558]
788,0.8254798,1.1400024890899658,[0.886558]
789,0.8254798,1.100381851196289,[0.886558]
790,0.8254798,1.1365056037902832,[0.886558]
791,0.8254798,1.094092607498169,[0.886558]
792,0.8254798,1.1346521377563477,[0.886558]
793,0.8254798,1.0919363498687744,[0.886558]
794,0.8254798,1.128880500793457,[0.886558]
795,0.8254798,1.1105799674987793,[0.886558]
796,0.8254798,1.0893278121948242,[0.886558]
797,0.8254798,1.0563979148864746,[0.886558]
798,0.8254798,1.1367311477661133,[0.886558]
799,0.8254798,1.1161117553710938,[0.886558]
800,0.8254798,1.143125057220459,[0.886558]
801,0.8254798,1.10117506980896,[0.886558]
802,0.8254798,1.128356695175171,[0.886558]
803,0.8254798,1.1041288375854492,[0.886558]
804,0.8254798,1.1389358043670654,[0.886558]
805,0.8254798,1.094275951385498,[0.886558]
806,0.8254798,1.1201324462890625,[0.886558]
807,0.8254798,1.0834791660308838,[0.886558]
808,0.8254798,1.1061289310455322,[0.886558]
809,0.8254798,1.0844674110412598,[0.886558]
810,0.8254798,1.1045489311218262,[0.886558]
811,0.8254798,1.0849225521087646,[0.886558]
812,0.8254798,1.096386432647705,[0.886558]
813,0.8254798,1.074594259262085,[0.886558]
814,0.8254798,1.119030475616455,[0.886558]
815,0.8254798,1.0942795276641846,[0.886558]
816,0.8254798,1.1237578392028809,[0.886558]
817,0.8254798,1.0984456539154053,[0.886558]
818,0.8254798,1.1261026859283447,[0.886558]
819,0.8254798,1.089784860610962,[0.886558]
820,0.8254798,1.123138189315796,[0.886558]
821,0.8254798,1.0956807136535645,[0.886558]
822,0.8254798,1.1193580627441406,[0.886558]
823,0.8254798,1.1019096374511719,[0.886558]
824,0.8254798,1.1183195114135742,[0.886558]
825,0.8254798,1.0897493362426758,[0.886558]
826,0.8254798,1.1229288578033447,[0.886558]
827,0.8254798,1.084763526916504,[0.886558]
828,0.8254798,1.1200494766235352,[0.886558]
829,0.8254798,1.0873548984527588,[0.886558]
830,0.8254798,1.1230838298797607,[0.886558]
831,0.8254798,1.0923216342926025,[0.886558]
832,0.8254798,1.114682912826538,[0.886558]
833,0.8254798,1.1016066074371338,[0.886558]
834,0.8254798,1.1121976375579834,[0.886558]
835,0.8254798,3.4032974243164062,[0.886558]
836,0.8254798,1.110072374343872,[0.886558]
837,0.8254798,1.0791618824005127,[0.886558]
838,0.8254798,1.1068699359893799,[0.886558]
839,0.8254798,1.0782573223114014,[0.886558]
840,0.8254798,1.1182899475097656,[0.886558]
841,0.8254798,1.0945119857788086,[0.886558]
842,0.8254798,1.0954806804656982,[0.886558]
843,0.8254798,1.0662856101989746,[0.886558]
844,0.8254798,1.106520652770996,[0.886558]
845,0.8254798,1.0806784629821777,[0.886558]
846,0.8254798,1.1141653060913086,[0.886558]
847,0.8254798,1.0939664840698242,[0.886558]
848,0.8254798,1.1124489307403564,[0.886558]
849,0.8254798,1.0810208320617676,[0.886558]
850,0.8254798,1.1045000553131104,[0.886558]
851,0.8254798,1.0765645503997803,[0.886558]
852,0.8254798,1.119128942489624,[0.886558]
853,0.8254798,1.0773625373840332,[0.886558]
854,0.8254798,1.107111930847168,[0.886558]
855,0.8254798,1.0749945640563965,[0.886558]
856,0.8254798,1.1063802242279053,[0.886558]
857,0.8254798,1.0760462284088135,[0.886558]
858,0.8254798,1.1053683757781982,[0.886558]
859,0.8254798,1.0862228870391846,[0.886558]
860,0.8254798,1.1095490455627441,[0.886558]
861,0.8254798,1.077697992324829,[0.886558]
862,0.8254798,1.1269433498382568,[0.886558]
863,0.8254798,1.0970396995544434,[0.886558]
864,0.8254798,1.1204559803009033,[0.886558]
865,0.8254798,1.083491325378418,[0.886558]
866,0.8254798,1.121910810470581,[0.886558]
867,0.8254798,1.1022937297821045,[0.886558]
868,0.8254798,1.129167079925537,[0.886558]
869,0.8254798,1.08589768409729,[0.886558]
870,0.8254798,1.1324617862701416,[0.886558]
871,0.8254798,1.1153318881988525,[0.886558]
872,0.8254798,1.1258411407470703,[0.886558]
873,0.8254798,1.0854060649871826,[0.886558]
874,0.8254798,1.1174757480621338,[0.886558]
875,0.8254798,1.088655948638916,[0.886558]
876,0.8254798,1.1255106925964355,[0.886558]
877,0.8254798,1.091186761856079,[0.886558]
878,0.8254798,1.1139607429504395,[0.886558]
879,0.8254798,1.0841245651245117,[0.886558]
880,0.8254798,1.1166400909423828,[0.886558]
881,0.8254798,1.0868349075317383,[0.886558]
882,0.8254798,1.1145150661468506,[0.886558]
883,0.8254798,1.07198166847229,[0.886558]
884,0.8254798,1.1121201515197754,[0.886558]
885,0.8254798,1.0850200653076172,[0.886558]
886,0.8254798,1.1060981750488281,[0.886558]
887,0.8254798,1.0860657691955566,[0.886558]
888,0.8254798,1.0938103199005127,[0.886558]
889,0.8254798,1.0477302074432373,[0.886558]
890,0.8254798,1.0639004707336426,[0.886558]
891,0.8254798,1.090127944946289,[0.886558]
892,0.8254798,1.1286280155181885,[0.886558]
893,0.8254798,1.0977413654327393,[0.886558]
894,0.8254798,1.125037670135498,[0.886558]
895,0.8254798,1.1098361015319824,[0.886558]
896,0.8254798,1.1245923042297363,[0.886558]
897,0.8254798,1.1019458770751953,[0.886558]
898,0.8254798,1.1246013641357422,[0.886558]
899,0.8254798,1.0898690223693848,[0.886558]
900,0.8254798,1.1231398582458496,[0.886558]
901,0.8254798,1.076585292816162,[0.886558]
902,0.8254798,1.107003927230835,[0.886558]
903,0.8254798,1.0743718147277832,[0.886558]
904,0.8254798,1.1216108798980713,[0.886558]
905,0.8254798,1.0986461639404297,[0.886558]
906,0.8254798,1.1096000671386719,[0.886558]
907,0.8254798,1.082650899887085,[0.886558]
908,0.8254798,1.1055026054382324,[0.886558]
909,0.8254798,1.07796049118042,[0.886558]
910,0.8254798,1.1120643615722656,[0.886558]
911,0.8254798,1.0851359367370605,[0.886558]
912,0.8254798,1.10459566116333,[0.886558]
913,0.8254798,1.081841230392456,[0.886558]
914,0.8254798,1.1139020919799805,[0.886558]
915,0.8254798,1.0823357105255127,[0.886558]
916,0.8254798,1.1161928176879883,[0.886558]
917,0.8254798,1.087472915649414,[0.886558]
918,0.8254798,1.1158268451690674,[0.886558]
919,0.8254798,1.0922224521636963,[0.886558]
920,0.8254798,1.1254687309265137,[0.886558]
921,0.8254798,1.0924761295318604,[0.886558]
922,0.8254798,1.1072964668273926,[0.886558]
923,0.8254798,1.0837082862854004,[0.886558]
924,0.8254798,1.1326828002929688,[0.886558]
925,0.8254798,1.1018414497375488,[0.886558]
926,0.8254798,1.1231348514556885,[0.886558]
927,0.8254798,1.08585524559021,[0.886558]
928,0.8254798,3.4349794387817383,[0.886558]
929,0.8254798,1.0575509071350098,[0.886558]
930,0.8254798,1.0982861518859863,[0.886558]
931,0.8254798,1.0597710609436035,[0.886558]
932,0.8254798,1.1091442108154297,[0.886558]
933,0.8254798,1.0699491500854492,[0.886558]
934,0.8254798,1.1039252281188965,[0.886558]
935,0.8254798,1.0630784034729004,[0.886558]
936,0.8254798,1.0850820541381836,[0.886558]
937,0.8254798,1.0653340816497803,[0.886558]
938,0.8254798,1.0904786586761475,[0.886558]
939,0.8254798,1.062152624130249,[0.886558]
940,0.8254798,1.091007947921753,[0.886558]
941,0.8254798,1.065535068511963,[0.886558]
942,0.8254798,1.1025104522705078,[0.886558]
943,0.8254798,1.0761404037475586,[0.886558]
944,0.8254798,1.1063120365142822,[0.886558]
945,0.8254798,1.0757927894592285,[0.886558]
946,0.8254798,1.1240489482879639,[0.886558]
947,0.8254798,1.077280044555664,[0.886558]
948,0.8254798,1.1294119358062744,[0.886558]
949,0.8254798,1.1203629970550537,[0.886558]
950,0.8254798,1.1128733158111572,[0.886558]
951,0.8254798,1.0939455032348633,[0.886558]
952,0.8254798,1.1276466846466064,[0.886558]
953,0.8254798,1.1002531051635742,[0.886558]
954,0.8254798,1.112868309020996,[0.886558]
955,0.8254798,1.0808055400848389,[0.886558]
956,0.8254798,1.1095740795135498,[0.886558]
957,0.8254798,1.086172103881836,[0.886558]
958,0.8254798,1.112119436264038,[0.886558]
959,0.8254798,1.0876743793487549,[0.886558]
960,0.8254798,1.1115248203277588,[0.886558]
961,0.8254798,1.078930377960205,[0.886558]
962,0.8254798,1.1156995296478271,[0.886558]
963,0.8254798,1.084343671798706,[0.886558]
964,0.8254798,1.1056370735168457,[0.886558]
965,0.8254798,1.0724966526031494,[0.886558]
966,0.8254798,1.1077609062194824,[0.886558]
967,0.8254798,1.1071205139160156,[0.886558]
968,0.8254798,1.1187832355499268,[0.886558]
969,0.8254798,1.0772955417633057,[0.886558]
970,0.8254798,1.109656572341919,[0.886558]
971,0.8254798,1.074622631072998,[0.886558]
972,0.8254798,1.1023085117340088,[0.886558]
973,0.8254798,1.0795466899871826,[0.886558]
974,0.8254798,1.1136150360107422,[0.886558]
975,0.8254798,1.079218864440918,[0.886558]
976,0.8254798,1.1144604682922363,[0.886558]
977,0.8254798,1.0840487480163574,[0.886558]
978,0.8254798,1.1117289066314697,[0.886558]
979,0.8254798,1.0779247283935547,[0.886558]
980,0.8254798,1.1182444095611572,[0.886558]
981,0.8254798,1.0593068599700928,[0.886558]
982,0.8254798,1.0532500743865967,[0.886558]
983,0.8254798,1.0091938972473145,[0.886558]
984,0.8254798,1.0794432163238525,[0.886558]
985,0.8254798,1.070305585861206,[0.886558]
986,0.8254798,1.0980949401855469,[0.886558]
987,0.8254798,1.0532746315002441,[0.886558]
988,0.8254798,1.1042594909667969,[0.886558]
989,0.8254798,1.0588924884796143,[0.886558]
990,0.8254798,1.0983214378356934,[0.886558]
991,0.8254798,1.0706980228424072,[0.886558]
992,0.8254798,1.1189703941345215,[0.886558]
993,0.8254798,1.0898396968841553,[0.886558]
994,0.8254798,1.1184301376342773,[0.886558]
995,0.8254798,1.094569206237793,[0.886558]
996,0.8254798,1.124182939529419,[0.886558]
997,0.8254798,1.1085178852081299,[0.886558]
998,0.8254798,1.1284403800964355,[0.886558]
999,0.8254798,1.1081926822662354,[0.886558]
1000,0.8254798,1.1295177936553955,[0.886558]
1001,0.8254798,1.106597661972046,[0.886558]
1002,0.8254798,1.143606185913086,[0.886558]
1003,0.8254798,1.1183173656463623,[0.886558]
1004,0.8254798,1.1450786590576172,[0.886558]
1005,0.8254798,1.1009130477905273,[0.886558]
1006,0.8254798,1.1519052982330322,[0.886558]
1007,0.8254798,1.1106090545654297,[0.886558]
1008,0.8254798,1.140925407409668,[0.886558]
1009,0.8254798,1.1080975532531738,[0.886558]
1010,0.8254798,1.1453654766082764,[0.886558]
1011,0.8254798,1.1126782894134521,[0.886558]
1012,0.8254798,1.1417598724365234,[0.886558]
1013,0.8254798,1.1055359840393066,[0.886558]
1014,0.8254798,1.1560280323028564,[0.886558]
1015,0.8254798,1.1163549423217773,[0.886558]
1016,0.8254798,1.1591897010803223,[0.886558]
1017,0.8254798,1.1256451606750488,[0.886558]
1018,0.8254798,1.1582283973693848,[0.886558]
1019,0.8254798,1.1067512035369873,[0.886558]
1020,0.8254798,3.586780071258545,[0.886558]
1021,0.8254798,1.0743603706359863,[0.886558]
1022,0.8254798,1.1047883033752441,[0.886558]
1023,0.8254798,1.0832715034484863,[0.886558]
1024,0.8254798,1.1194791793823242,[0.886558]
1025,0.8254798,1.1098945140838623,[0.886558]
1026,0.8254798,1.105757236480713,[0.886558]
1027,0.8254798,1.0773506164550781,[0.886558]
1028,0.8254798,1.1070027351379395,[0.886558]
1029,0.8254798,1.0829808712005615,[0.886558]
1030,0.8254798,1.1030426025390625,[0.886558]
1031,0.8254798,1.0775606632232666,[0.886558]
1032,0.8254798,1.1082510948181152,[0.886558]
1033,0.8254798,1.0935981273651123,[0.886558]
1034,0.8254798,1.0903956890106201,[0.886558]
1035,0.8254798,1.0707833766937256,[0.886558]
1036,0.8254798,1.1084866523742676,[0.886558]
1037,0.8254798,1.0963001251220703,[0.886558]
1038,0.8254798,1.1120975017547607,[0.886558]
1039,0.8254798,1.085780143737793,[0.886558]
1040,0.8254798,1.1078071594238281,[0.886558]
1041,0.8254798,1.091383695602417,[0.886558]
1042,0.8254798,1.1035401821136475,[0.886558]
1043,0.8254798,1.0901556015014648,[0.886558]
1044,0.8254798,1.1087181568145752,[0.886558]
1045,0.8254798,1.0947730541229248,[0.886558]
1046,0.8254798,1.1109821796417236,[0.886558]
1047,0.8254798,1.0823814868927002,[0.886558]
1048,0.8254798,1.1055858135223389,[0.886558]
1049,0.8254798,1.0799474716186523,[0.886558]
1050,0.8254798,1.1140546798706055,[0.886558]
1051,0.8254798,1.0893712043762207,[0.886558]
1052,0.8254798,1.1193599700927734,[0.886558]
1053,0.8254798,1.0924437046051025,[0.886558]
1054,0.8254798,1.1205055713653564,[0.886558]
1055,0.8254798,1.1011021137237549,[0.886558]
1056,0.8254798,1.1185712814331055,[0.886558]
1057,0.8254798,1.0880789756774902,[0.886558]
1058,0.8254798,1.1088130474090576,[0.886558]
1059,0.8254798,1.0801758766174316,[0.886558]
1060,0.8254798,1.1109967231750488,[0.886558]
1061,0.8254798,1.084139347076416,[0.886558]
1062,0.8254798,1.1136651039123535,[0.886558]
1063,0.8254798,1.0774750709533691,[0.886558]
1064,0.8254798,1.1106517314910889,[0.886558]
1065,0.8254798,1.0858075618743896,[0.886558]
1066,0.8254798,1.1244208812713623,[0.886558]
1067,0.8254798,1.0809307098388672,[0.886558]
1068,0.8254798,1.1180081367492676,[0.886558]
1069,0.8254798,1.0801401138305664,[0.886558]
1070,0.8254798,1.112717628479004,[0.886558]
1071,0.8254798,1.0752208232879639,[0.886558]
1072,0.8254798,1.1251716613769531,[0.886558]
1073,0.8254798,1.0654282569885254,[0.886558]
1074,0.8254798,1.0861842632293701,[0.886558]
1075,0.8254798,1.023712158203125,[0.886558]
1076,0.8254798,1.0929603576660156,[0.886558]
1077,0.8254798,1.066432237625122,[0.886558]
1078,0.8254798,1.1054208278656006,[0.886558]
1079,0.8254798,1.076927900314331,[0.886558]
1080,0.8254798,1.0911903381347656,[0.886558]
1081,0.8254798,1.0654168128967285,[0.886558]
1082,0.8254798,1.101872205734253,[0.886558]
1083,0.8254798,1.07552170753479,[0.886558]
1084,0.8254798,1.1244416236877441,[0.886558]
1085,0.8254798,1.0845811367034912,[0.886558]
1086,0.8254798,1.1295528411865234,[0.886558]
1087,0.8254798,1.1108465194702148,[0.886558]
1088,0.8254798,1.1360750198364258,[0.886558]
1089,0.8254798,1.098862886428833,[0.886558]
1090,0.8254798,1.1303112506866455,[0.886558]
1091,0.8254798,1.097306489944458,[0.886558]
1092,0.8254798,1.1374080181121826,[0.886558]
1093,0.8254798,1.1164844036102295,[0.886558]
1094,0.8254798,1.1165006160736084,[0.886558]
1095,0.8254798,1.0786409378051758,[0.886558]
1096,0.8254798,1.1052231788635254,[0.886558]
1097,0.8254798,1.0819580554962158,[0.886558]
1098,0.8254798,1.100278615951538,[0.886558]
1099,0.8254798,1.059349775314331,[0.886558]
1100,0.8254798,1.0824103355407715,[0.886558]
1101,0.8254798,1.0575299263000488,[0.886558]
1102,0.8254798,1.0791139602661133,[0.886558]
1103,0.8254798,1.0555243492126465,[0.886558]
1104,0.8254798,1.0878028869628906,[0.886558]
1105,0.8254798,1.0672223567962646,[0.886558]
1106,0.8254798,1.10556960105896,[0.886558]
1107,0.8254798,1.0639681816101074,[0.886558]
1108,0.8254798,1.1097183227539062,[0.886558]
1109,0.8254798,1.0882768630981445,[0.886558]
1110,0.8254798,1.1243853569030762,[0.886558]
1111,0.8254798,1.086805820465088,[0.886558]
1112,0.8254798,1.1184639930725098,[0.886558]
1113,0.8254798,3.3970017433166504,[0.886558]
1114,0.8254798,1.0712769031524658,[0.886558]
1115,0.8254798,1.0587468147277832,[0.886558]
1116,0.8254798,1.0830981731414795,[0.886558]
1117,0.8254798,1.0496892929077148,[0.886558]
1118,0.8254798,1.0953500270843506,[0.886558]
1119,0.8254798,1.0679268836975098,[0.886558]
1120,0.8254798,1.091963529586792,[0.886558]
1121,0.8254798,1.068406581878662,[0.886558]
1122,0.8254798,1.101149559020996,[0.886558]
1123,0.8254798,1.0719141960144043,[0.886558]
1124,0.8254798,1.0981645584106445,[0.886558]
1125,0.8254798,1.0670526027679443,[0.886558]
1126,0.8254798,1.11216139793396,[0.886558]
1127,0.8254798,1.0815460681915283,[0.886558]
1128,0.8254798,1.1147494316101074,[0.886558]
1129,0.8254798,1.0838172435760498,[0.886558]
1130,0.8254798,1.1128630638122559,[0.886558]
1131,0.8254798,1.0703105926513672,[0.886558]
1132,0.8254798,1.1047375202178955,[0.886558]
1133,0.8254798,1.0669991970062256,[0.886558]
1134,0.8254798,1.1020643711090088,[0.886558]
1135,0.8254798,1.1057446002960205,[0.886558]
1136,0.8254798,1.1081345081329346,[0.886558]
1137,0.8254798,1.063849687576294,[0.886558]
1138,0.8254798,1.103245735168457,[0.886558]
1139,0.8254798,1.0779385566711426,[0.886558]
1140,0.8254798,1.0880846977233887,[0.886558]
1141,0.8254798,1.0866143703460693,[0.886558]
1142,0.8254798,1.1112287044525146,[0.886558]
1143,0.8254798,1.0833203792572021,[0.886558]
1144,0.8254798,1.1163718700408936,[0.886558]
1145,0.8254798,1.0956699848175049,[0.886558]
1146,0.8254798,1.118431568145752,[0.886558]
1147,0.8254798,1.096611738204956,[0.886558]
1148,0.8254798,1.129880666732788,[0.886558]
1149,0.8254798,1.099691390991211,[0.886558]
1150,0.8254798,1.1096763610839844,[0.886558]
1151,0.8254798,1.098623275756836,[0.886558]
1152,0.8254798,1.1241910457611084,[0.886558]
1153,0.8254798,1.1713178157806396,[0.886558]
1154,0.8254798,1.1961262226104736,[0.886558]
1155,0.8254798,1.165325403213501,[0.886558]
1156,0.8254798,1.1837105751037598,[0.886558]
1157,0.8254798,1.1662571430206299,[0.886558]
1158,0.8254798,1.187734842300415,[0.886558]
1159,0.8254798,1.1587762832641602,[0.886558]
1160,0.8254798,1.1337590217590332,[0.886558]
1161,0.8254798,1.0884921550750732,[0.886558]
1162,0.8254798,1.127871036529541,[0.886558]
1163,0.8254798,1.0857172012329102,[0.886558]
1164,0.8254798,1.1079380512237549,[0.886558]
1165,0.8254798,1.0913407802581787,[0.886558]
1166,0.8254798,1.122152328491211,[0.886558]
1167,0.8254798,1.1115458011627197,[0.886558]
1168,0.8254798,1.0743494033813477,[0.886558]
1169,0.8254798,1.0431618690490723,[0.886558]
1170,0.8254798,1.070805311203003,[0.886558]
1171,0.8254798,1.0799071788787842,[0.886558]
1172,0.8254798,1.1072642803192139,[0.886558]
1173,0.8254798,1.0767805576324463,[0.886558]
1174,0.8254798,1.0994303226470947,[0.886558]
1175,0.8254798,1.0685086250305176,[0.886558]
1176,0.8254798,1.0970253944396973,[0.886558]
1177,0.8254798,1.0815536975860596,[0.886558]
1178,0.8254798,1.1070046424865723,[0.886558]
1179,0.8254798,1.0766630172729492,[0.886558]
1180,0.8254798,1.1147167682647705,[0.886558]
1181,0.8254798,1.1099116802215576,[0.886558]
1182,0.8254798,1.1177623271942139,[0.886558]
1183,0.8254798,1.0860931873321533,[0.886558]
1184,0.8254798,1.0957870483398438,[0.886558]
1185,0.8254798,1.075944423675537,[0.886558]
1186,0.8254798,1.1091649532318115,[0.886558]
1187,0.8254798,1.0834267139434814,[0.886558]
1188,0.8254798,1.1000134944915771,[0.886558]
1189,0.8254798,1.0757489204406738,[0.886558]
1190,0.8254798,1.1222388744354248,[0.886558]
1191,0.8254798,1.0802834033966064,[0.886558]
1192,0.8254798,1.1107943058013916,[0.886558]
1193,0.8254798,1.0703015327453613,[0.886558]
1194,0.8254798,1.1172754764556885,[0.886558]
1195,0.8254798,1.0823304653167725,[0.886558]
1196,0.8254798,1.1231393814086914,[0.886558]
1197,0.8254798,1.0773932933807373,[0.886558]
1198,0.8254798,1.1192257404327393,[0.886558]
1199,0.8254798,1.0944161415100098,[0.886558]
1200,0.8254798,1.111252784729004,[0.886558]
1201,0.8254798,1.119321346282959,[0.886558]
1202,0.8254798,1.1395468711853027,[0.886558]
1203,0.8254798,1.112168312072754,[0.886558]
1204,0.8254798,1.1378591060638428,[0.886558]
1205,0.8254798,1.1184546947479248,[0.886558]
1206,0.8254798,3.4511525630950928,[0.886558]
1207,0.8254798,1.0911428928375244,[0.886558]
1208,0.8254798,1.1150624752044678,[0.886558]
1209,0.8254798,1.0922396183013916,[0.886558]
1210,0.8254798,1.116088628768921,[0.886558]
1211,0.8254798,1.0764079093933105,[0.886558]
1212,0.8254798,1.1000804901123047,[0.886558]
1213,0.8254798,1.0750913619995117,[0.886558]
1214,0.8254798,1.1338694095611572,[0.886558]
1215,0.8254798,1.0859150886535645,[0.886558]
1216,0.8254798,1.1286649703979492,[0.886558]
1217,0.8254798,1.099168062210083,[0.886558]
1218,0.8254798,1.114269495010376,[0.886558]
1219,0.8254798,1.067509651184082,[0.886558]
1220,0.8254798,1.1336166858673096,[0.886558]
1221,0.8254798,1.0872588157653809,[0.886558]
1222,0.8254798,1.124328851699829,[0.886558]
1223,0.8254798,1.0867211818695068,[0.886558]
1224,0.8254798,1.120997428894043,[0.886558]
1225,0.8254798,1.1087043285369873,[0.886558]
1226,0.8254798,1.1305241584777832,[0.886558]
1227,0.8254798,1.1225926876068115,[0.886558]
1228,0.8254798,1.1606874465942383,[0.886558]
1229,0.8254798,1.1214599609375,[0.886558]
1230,0.8254798,1.1567890644073486,[0.886558]
1231,0.8254798,1.1235568523406982,[0.886558]
1232,0.8254798,1.1691358089447021,[0.886558]
1233,0.8254798,1.1216230392456055,[0.886558]
1234,0.8254798,1.1714222431182861,[0.886558]
1235,0.8254798,1.1297309398651123,[0.886558]
1236,0.8254798,1.1728241443634033,[0.886558]
1237,0.8254798,1.132568359375,[0.886558]
1238,0.8254798,1.1373012065887451,[0.886558]
1239,0.8254798,1.101963758468628,[0.886558]
1240,0.8254798,1.1302893161773682,[0.886558]
1241,0.8254798,1.0947253704071045,[0.886558]
1242,0.8254798,1.1212503910064697,[0.886558]
1243,0.8254798,1.080890417098999,[0.886558]
1244,0.8254798,1.1207337379455566,[0.886558]
1245,0.8254798,1.113316297531128,[0.886558]
1246,0.8254798,1.1296722888946533,[0.886558]
1247,0.8254798,1.0909979343414307,[0.886558]
1248,0.8254798,1.110257625579834,[0.886558]
1249,0.8254798,1.074141263961792,[0.886558]
1250,0.8254798,1.1058101654052734,[0.886558]
1251,0.8254798,1.0725197792053223,[0.886558]
1252,0.8254798,1.1161487102508545,[0.886558]
1253,0.8254798,1.080962896347046,[0.886558]
1254,0.8254798,1.0981323719024658,[0.886558]
1255,0.8254798,1.0915699005126953,[0.886558]
1256,0.8254798,1.1341207027435303,[0.886558]
1257,0.8254798,1.0918903350830078,[0.886558]
1258,0.8254798,1.1360855102539062,[0.886558]
1259,0.8254798,1.1022324562072754,[0.886558]
1260,0.8254798,1.1276147365570068,[0.886558]
1261,0.8254798,1.071481704711914,[0.886558]
1262,0.8254798,1.0761280059814453,[0.886558]
1263,0.8254798,1.023921012878418,[0.886558]
1264,0.8254798,1.1089072227478027,[0.886558]
1265,0.8254798,1.0883545875549316,[0.886558]
1266,0.8254798,1.1118245124816895,[0.886558]
1267,0.8254798,1.094261884689331,[0.886558]
1268,0.8254798,1.1491072177886963,[0.886558]
1269,0.8254798,1.090728759765625,[0.886558]
1270,0.8254798,1.1404800415039062,[0.886558]
1271,0.8254798,1.0764782428741455,[0.886558]
1272,0.8254798,1.1111106872558594,[0.886558]
1273,0.8254798,1.0872571468353271,[0.886558]
1274,0.8254798,1.1300411224365234,[0.886558]
1275,0.8254798,1.0997116565704346,[0.886558]
1276,0.8254798,1.132274866104126,[0.886558]
1277,0.8254798,1.1102290153503418,[0.886558]
1278,0.8254798,1.1398274898529053,[0.886558]
1279,0.8254798,1.1083784103393555,[0.886558]
1280,0.8254798,1.1231048107147217,[0.886558]
1281,0.8254798,1.0784831047058105,[0.886558]
1282,0.8254798,1.1090788841247559,[0.886558]
1283,0.8254798,1.0807380676269531,[0.886558]
1284,0.8254798,1.1068527698516846,[0.886558]
1285,0.8254798,1.0952372550964355,[0.886558]
1286,0.8254798,1.1129429340362549,[0.886558]
1287,0.8254798,1.095808506011963,[0.886558]
1288,0.8254798,1.1334540843963623,[0.886558]
1289,0.8254798,1.073293685913086,[0.886558]
1290,0.8254798,1.1016225814819336,[0.886558]
1291,0.8254798,1.0667743682861328,[0.886558]
1292,0.8254798,1.094994068145752,[0.886558]
1293,0.8254798,1.070378303527832,[0.886558]
1294,0.8254798,1.098893642425537,[0.886558]
1295,0.8254798,1.0635945796966553,[0.886558]
1296,0.8254798,1.109832763671875,[0.886558]
1297,0.8254798,1.0846083164215088,[0.886558]
1298,0.8254798,3.445328712463379,[0.886558]
1299,0.8254798,1.0810749530792236,[0.886558]
1300,0.8254798,1.1184101104736328,[0.886558]
1301,0.8254798,1.0882909297943115,[0.886558]
1302,0.8254798,1.12406587600708,[0.886558]
1303,0.8254798,1.1010758876800537,[0.886558]
1304,0.8254798,1.1461052894592285,[0.886558]
1305,0.8254798,1.0912609100341797,[0.886558]
1306,0.8254798,1.111109972000122,[0.886558]
1307,0.8254798,1.070497989654541,[0.886558]
1308,0.8254798,1.1054589748382568,[0.886558]
1309,0.8254798,1.0888268947601318,[0.886558]
1310,0.8254798,1.1090476512908936,[0.886558]
1311,0.8254798,1.0766575336456299,[0.886558]
1312,0.8254798,1.116826057434082,[0.886558]
1313,0.8254798,1.1130189895629883,[0.886558]
1314,0.8254798,1.1343305110931396,[0.886558]
1315,0.8254798,1.1066036224365234,[0.886558]
1316,0.8254798,1.130889654159546,[0.886558]
1317,0.8254798,1.115818977355957,[0.886558]
1318,0.8254798,1.1307485103607178,[0.886558]
1319,0.8254798,1.102266788482666,[0.886558]
1320,0.8254798,1.1348850727081299,[0.886558]
1321,0.8254798,1.114346981048584,[0.886558]
1322,0.8254798,1.1315793991088867,[0.886558]
1323,0.8254798,1.1120731830596924,[0.886558]
1324,0.8254798,1.1200976371765137,[0.886558]
1325,0.8254798,1.1153090000152588,[0.886558]
1326,0.8254798,1.1287250518798828,[0.886558]
1327,0.8254798,1.113562822341919,[0.886558]
1328,0.8254798,1.1231327056884766,[0.886558]
1329,0.8254798,1.096681833267212,[0.886558]
1330,0.8254798,1.1164045333862305,[0.886558]
1331,0.8254798,1.0984201431274414,[0.886558]
1332,0.8254798,1.1304328441619873,[0.886558]
1333,0.8254798,1.098362684249878,[0.886558]
1334,0.8254798,1.137974500656128,[0.886558]
1335,0.8254798,1.0972397327423096,[0.886558]
1336,0.8254798,1.1281330585479736,[0.886558]
1337,0.8254798,1.0997822284698486,[0.886558]
1338,0.8254798,1.1155123710632324,[0.886558]
1339,0.8254798,1.1067938804626465,[0.886558]
1340,0.8254798,1.1346595287322998,[0.886558]
1341,0.8254798,1.1082096099853516,[0.886558]
1342,0.8254798,1.1307487487792969,[0.886558]
1343,0.8254798,1.1026768684387207,[0.886558]
1344,0.8254798,1.1254894733428955,[0.886558]
1345,0.8254798,1.111732006072998,[0.886558]
1346,0.8254798,1.1282837390899658,[0.886558]
1347,0.8254798,1.1042394638061523,[0.886558]
1348,0.8254798,1.1287603378295898,[0.886558]
1349,0.8254798,1.117037057876587,[0.886558]
1350,0.8254798,1.144603967666626,[0.886558]
1351,0.8254798,1.1068575382232666,[0.886558]
1352,0.8254798,1.1369578838348389,[0.886558]
1353,0.8254798,1.1136598587036133,[0.886558]
1354,0.8254798,1.1309070587158203,[0.886558]
1355,0.8254798,1.0895466804504395,[0.886558]
1356,0.8254798,1.0664713382720947,[0.886558]
1357,0.8254798,1.0495078563690186,[0.886558]
1358,0.8254798,1.1480517387390137,[0.886558]
1359,0.8254798,1.1156330108642578,[0.886558]
1360,0.8254798,1.1478464603424072,[0.886558]
1361,0.8254798,1.1299080848693848,[0.886558]
1362,0.8254798,1.1395440101623535,[0.886558]
1363,0.8254798,1.0969874858856201,[0.886558]
1364,0.8254798,1.1519217491149902,[0.886558]
1365,0.8254798,1.0870122909545898,[0.886558]
1366,0.8254798,1.11757230758667,[0.886558]
1367,0.8254798,1.1035103797912598,[0.886558]
1368,0.8254798,1.1401762962341309,[0.886558]
1369,0.8254798,1.1098954677581787,[0.886558]
1370,0.8254798,1.1328883171081543,[0.886558]
1371,0.8254798,1.1139838695526123,[0.886558]
1372,0.8254798,1.1323368549346924,[0.886558]
1373,0.82577014,1.0910120010375977,[0.88777083]
1374,0.82577014,1.0868682861328125,[0.88777083]
1375,0.82577014,1.1184101104736328,[0.88777083]
1376,0.82577014,1.0770149230957031,[0.88777083]
1377,0.82577014,1.079587697982788,[0.88777083]
1378,0.82577014,1.0605309009552002,[0.88777083]
1379,0.82577014,1.0693645477294922,[0.88777083]
1380,0.82577014,1.0599138736724854,[0.88777083]
1381,0.82577014,1.075958251953125,[0.88777083]
1382,0.82577014,1.070915699005127,[0.88777083]
1383,0.82577014,1.0773320198059082,[0.88777083]
1384,0.82577014,1.0705807209014893,[0.88777083]
1385,0.82577014,1.0902400016784668,[0.88777083]
1386,0.82577014,1.0726628303527832,[0.88777083]
1387,0.82577014,1.0934984683990479,[0.88777083]
1388,0.82577014,1.0566954612731934,[0.88777083]
1389,0.82577014,1.077728271484375,[0.88777083]
1390,0.82577014,3.340630292892456,[0.88777083]
1391,0.82577014,1.1157586574554443,[0.88777083]
1392,0.82577014,1.0908684730529785,[0.88777083]
1393,0.82577014,1.098963975906372,[0.88777083]
1394,0.82577014,1.0744924545288086,[0.88777083]
1395,0.82577014,1.0817031860351562,[0.88777083]
1396,0.82577014,1.0584497451782227,[0.88777083]
1397,0.82577014,1.0802767276763916,[0.88777083]
1398,0.82577014,1.0557000637054443,[0.88777083]
1399,0.82577014,1.0811069011688232,[0.88777083]
1400,0.82577014,1.0474560260772705,[0.88777083]
1401,0.82577014,1.0666561126708984,[0.88777083]
1402,0.82577014,1.0539677143096924,[0.88777083]
1403,0.82577014,1.0647177696228027,[0.88777083]
1404,0.82577014,1.0451393127441406,[0.88777083]
1405,0.82577014,1.057814121246338,[0.88777083]
1406,0.82577014,1.0635228157043457,[0.88777083]
1407,0.82577014,1.0834946632385254,[0.88777083]
1408,0.82577014,1.0659551620483398,[0.88777083]
1409,0.82577014,1.0980894565582275,[0.88777083]
1410,0.82577014,1.0662972927093506,[0.88777083]
1411,0.82577014,1.0850753784179688,[0.88777083]
1412,0.82577014,1.0441834926605225,[0.88777083]
1413,0.82577014,1.068552017211914,[0.88777083]
1414,0.82577014,1.0481650829315186,[0.88777083]
1415,0.82577014,1.0757479667663574,[0.88777083]
1416,0.82577014,1.0448858737945557,[0.88777083]
1417,0.82577014,1.070920705795288,[0.88777083]
1418,0.82577014,1.0638270378112793,[0.88777083]
1419,0.82577014,1.0830035209655762,[0.88777083]
1420,0.82577014,1.0516741275787354,[0.88777083]
1421,0.82577014,1.0952279567718506,[0.88777083]
1422,0.82577014,1.0707297325134277,[0.88777083]
1423,0.82577014,1.104062795639038,[0.88777083]
1424,0.82577014,1.0885674953460693,[0.88777083]
1425,0.82577014,1.0979204177856445,[0.88777083]
1426,0.82577014,1.0773026943206787,[0.88777083]
1427,0.82577014,1.0984115600585938,[0.88777083]
1428,0.82577014,1.0712618827819824,[0.88777083]
1429,0.82577014,1.0887672901153564,[0.88777083]
1430,0.82577014,1.0772919654846191,[0.88777083]
1431,0.82577014,1.0952255725860596,[0.88777083]
1432,0.82577014,1.0817108154296875,[0.88777083]
1433,0.82577014,1.1047182083129883,[0.88777083]
1434,0.82577014,1.091273307800293,[0.88777083]
1435,0.82577014,1.1022870540618896,[0.88777083]
1436,0.82577014,1.0851659774780273,[0.88777083]
1437,0.82577014,1.110368013381958,[0.88777083]
1438,0.82577014,1.082726001739502,[0.88777083]
1439,0.82577014,1.11348557472229,[0.88777083]
1440,0.82577014,1.081495761871338,[0.88777083]
1441,0.82577014,1.102677345275879,[0.88777083]
1442,0.82577014,1.0765531063079834,[0.88777083]
1443,0.82577014,1.1039867401123047,[0.88777083]
1444,0.82577014,1.0692059993743896,[0.88777083]
1445,0.82577014,1.111778974533081,[0.88777083]
1446,0.82577014,1.0824558734893799,[0.88777083]
1447,0.82577014,1.1145350933074951,[0.88777083]
1448,0.82577014,1.0607984066009521,[0.88777083]
1449,0.82577014,1.0573582649230957,[0.88777083]
1450,0.82577014,1.0231983661651611,[0.88777083]
1451,0.82577014,1.0613200664520264,[0.88777083]
1452,0.82577014,1.0519049167633057,[0.88777083]
1453,0.82577014,1.0768547058105469,[0.88777083]
1454,0.82577014,1.0603337287902832,[0.88777083]
1455,0.82577014,1.0775961875915527,[0.88777083]
1456,0.82577014,1.0670442581176758,[0.88777083]
1457,0.82577014,1.094177007675171,[0.88777083]
1458,0.82577014,1.098039150238037,[0.88777083]
1459,0.82577014,1.1119906902313232,[0.88777083]
1460,0.82577014,1.091357946395874,[0.88777083]
1461,0.82577014,1.084557294845581,[0.88777083]
1462,0.82577014,1.0952792167663574,[0.88777083]
1463,0.82577014,1.1028659343719482,[0.88777083]
1464,0.82577014,1.086289644241333,[0.88777083]
1465,0.82577014,1.0734262466430664,[0.88777083]
1466,0.82577014,1.0587921142578125,[0.88777083]
1467,0.82577014,1.0756816864013672,[0.88777083]
1468,0.82577014,1.0570237636566162,[0.88777083]
1469,0.82577014,1.0780301094055176,[0.88777083]
1470,0.82577014,1.0815913677215576,[0.88777083]
1471,0.82577014,1.0997381210327148,[0.88777083]
1472,0.82577014,1.0798516273498535,[0.88777083]
1473,0.82577014,1.113213062286377,[0.88777083]
1474,0.82577014,1.0972492694854736,[0.88777083]
1475,0.82577014,1.1043717861175537,[0.88777083]
1476,0.82577014,1.0790650844573975,[0.88777083]
1477,0.82577014,1.117539405822754,[0.88777083]
1478,0.82577014,1.1010534763336182,[0.88777083]
1479,0.82577014,1.146979808807373,[0.88777083]
1480,0.82577014,1.1042470932006836,[0.88777083]
1481,0.82577014,1.138810634613037,[0.88777083]
1482,0.82577014,1.1124842166900635,[0.88777083]
1483,0.82577014,3.496896266937256,[0.88777083]
1484,0.82577014,1.1179897785186768,[0.88777083]
1485,0.82577014,1.1553094387054443,[0.88777083]
1486,0.82577014,1.1233417987823486,[0.88777083]
1487,0.82577014,1.1634440422058105,[0.88777083]
1488,0.82577014,1.154897928237915,[0.88777083]
1489,0.82577014,1.1732559204101562,[0.88777083]
1490,0.82577014,1.144853115081787,[0.88777083]
1491,0.82577014,1.162966012954712,[0.88777083]
1492,0.82577014,1.1396598815917969,[0.88777083]
1493,0.82577014,1.1495404243469238,[0.88777083]
1494,0.82577014,1.1439635753631592,[0.88777083]
1495,0.82577014,1.1735291481018066,[0.88777083]
1496,0.82577014,1.15696120262146,[0.88777083]
1497,0.82577014,1.190392017364502,[0.88777083]
1498,0.82577014,1.1504111289978027,[0.88777083]
1499,0.82577014,1.177290916442871,[0.88777083]
